2.109375000000000000e-01
5.009765625000000000e-01
2.138671875000000000e-01
5.732421875000000000e-01
2.216796875000000000e-01
6.503906250000000000e-01
2.343750000000000000e-01
7.275390625000000000e-01
2.617187500000000000e-01
7.998046875000000000e-01
3.095703125000000000e-01
8.632812500000000000e-01
3.671875000000000000e-01
9.189453125000000000e-01
4.345703125000000000e-01
9.609375000000000000e-01
5.087890625000000000e-01
9.687500000000000000e-01
5.820312500000000000e-01
9.531250000000000000e-01
6.416015625000000000e-01
9.042968750000000000e-01
6.933593750000000000e-01
8.476562500000000000e-01
7.363281250000000000e-01
7.861328125000000000e-01
7.636718750000000000e-01
7.177734375000000000e-01
7.763671875000000000e-01
6.455078125000000000e-01
7.783203125000000000e-01
5.732421875000000000e-01
7.753906250000000000e-01
5.039062500000000000e-01
