2.646484375000000000e-01
4.755859375000000000e-01
2.666015625000000000e-01
5.429687500000000000e-01
2.714843750000000000e-01
6.074218750000000000e-01
2.812500000000000000e-01
6.689453125000000000e-01
3.046875000000000000e-01
7.265625000000000000e-01
3.437500000000000000e-01
7.734375000000000000e-01
3.916015625000000000e-01
8.154296875000000000e-01
4.375000000000000000e-01
8.564453125000000000e-01
4.931640625000000000e-01
8.759765625000000000e-01
5.556640625000000000e-01
8.710937500000000000e-01
6.191406250000000000e-01
8.369140625000000000e-01
6.816406250000000000e-01
7.968750000000000000e-01
7.402343750000000000e-01
7.500000000000000000e-01
7.822265625000000000e-01
6.884765625000000000e-01
8.085937500000000000e-01
6.162109375000000000e-01
8.281250000000000000e-01
5.400390625000000000e-01
8.417968750000000000e-01
4.609375000000000000e-01
