2.255859375000000000e-01
5.166015625000000000e-01
2.304687500000000000e-01
5.830078125000000000e-01
2.392578125000000000e-01
6.484375000000000000e-01
2.500000000000000000e-01
7.148437500000000000e-01
2.685546875000000000e-01
7.792968750000000000e-01
3.056640625000000000e-01
8.359375000000000000e-01
3.574218750000000000e-01
8.828125000000000000e-01
4.228515625000000000e-01
9.179687500000000000e-01
5.000000000000000000e-01
9.267578125000000000e-01
5.751953125000000000e-01
9.160156250000000000e-01
6.416015625000000000e-01
8.789062500000000000e-01
6.933593750000000000e-01
8.310546875000000000e-01
7.324218750000000000e-01
7.744140625000000000e-01
7.519531250000000000e-01
7.089843750000000000e-01
7.626953125000000000e-01
6.416015625000000000e-01
7.705078125000000000e-01
5.771484375000000000e-01
7.744140625000000000e-01
5.117187500000000000e-01
