2.109375000000000000e-01
4.785156250000000000e-01
2.187500000000000000e-01
5.537109375000000000e-01
2.343750000000000000e-01
6.269531250000000000e-01
2.509765625000000000e-01
6.992187500000000000e-01
2.763671875000000000e-01
7.656250000000000000e-01
3.164062500000000000e-01
8.232421875000000000e-01
3.701171875000000000e-01
8.710937500000000000e-01
4.316406250000000000e-01
9.091796875000000000e-01
5.000000000000000000e-01
9.208984375000000000e-01
5.654296875000000000e-01
9.042968750000000000e-01
6.259765625000000000e-01
8.662109375000000000e-01
6.796875000000000000e-01
8.203125000000000000e-01
7.207031250000000000e-01
7.656250000000000000e-01
7.451171875000000000e-01
7.001953125000000000e-01
7.607421875000000000e-01
6.289062500000000000e-01
7.724609375000000000e-01
5.576171875000000000e-01
7.802734375000000000e-01
4.853515625000000000e-01
