2.011718750000000000e-01
5.009765625000000000e-01
2.080078125000000000e-01
5.849609375000000000e-01
2.158203125000000000e-01
6.669921875000000000e-01
2.333984375000000000e-01
7.451171875000000000e-01
2.714843750000000000e-01
8.115234375000000000e-01
3.232421875000000000e-01
8.681640625000000000e-01
3.818359375000000000e-01
9.150390625000000000e-01
4.443359375000000000e-01
9.492187500000000000e-01
5.136718750000000000e-01
9.580078125000000000e-01
5.810546875000000000e-01
9.355468750000000000e-01
6.396484375000000000e-01
8.876953125000000000e-01
6.904296875000000000e-01
8.339843750000000000e-01
7.363281250000000000e-01
7.724609375000000000e-01
7.646484375000000000e-01
7.041015625000000000e-01
7.705078125000000000e-01
6.269531250000000000e-01
7.734375000000000000e-01
5.546875000000000000e-01
7.792968750000000000e-01
4.785156250000000000e-01
