2.626953125000000000e-01
4.902343750000000000e-01
2.539062500000000000e-01
5.546875000000000000e-01
2.529296875000000000e-01
6.201171875000000000e-01
2.607421875000000000e-01
6.884765625000000000e-01
2.802734375000000000e-01
7.548828125000000000e-01
3.173828125000000000e-01
8.134765625000000000e-01
3.642578125000000000e-01
8.642578125000000000e-01
4.199218750000000000e-01
9.111328125000000000e-01
4.863281250000000000e-01
9.306640625000000000e-01
5.566406250000000000e-01
9.179687500000000000e-01
6.240234375000000000e-01
8.837890625000000000e-01
6.884765625000000000e-01
8.398437500000000000e-01
7.431640625000000000e-01
7.861328125000000000e-01
7.783203125000000000e-01
7.207031250000000000e-01
7.978515625000000000e-01
6.503906250000000000e-01
8.105468750000000000e-01
5.771484375000000000e-01
8.183593750000000000e-01
5.039062500000000000e-01
