2.207031250000000000e-01
4.238281250000000000e-01
2.246093750000000000e-01
5.019531250000000000e-01
2.333984375000000000e-01
5.791015625000000000e-01
2.441406250000000000e-01
6.582031250000000000e-01
2.617187500000000000e-01
7.343750000000000000e-01
3.007812500000000000e-01
8.046875000000000000e-01
3.583984375000000000e-01
8.613281250000000000e-01
4.257812500000000000e-01
9.091796875000000000e-01
5.058593750000000000e-01
9.228515625000000000e-01
5.859375000000000000e-01
9.082031250000000000e-01
6.533203125000000000e-01
8.564453125000000000e-01
7.099609375000000000e-01
7.988281250000000000e-01
7.519531250000000000e-01
7.294921875000000000e-01
7.714843750000000000e-01
6.503906250000000000e-01
7.832031250000000000e-01
5.712890625000000000e-01
7.929687500000000000e-01
4.912109375000000000e-01
7.968750000000000000e-01
4.130859375000000000e-01
