2.099609375000000000e-01
4.775390625000000000e-01
2.167968750000000000e-01
5.566406250000000000e-01
2.285156250000000000e-01
6.328125000000000000e-01
2.460937500000000000e-01
7.089843750000000000e-01
2.753906250000000000e-01
7.753906250000000000e-01
3.173828125000000000e-01
8.369140625000000000e-01
3.701171875000000000e-01
8.886718750000000000e-01
4.306640625000000000e-01
9.277343750000000000e-01
4.970703125000000000e-01
9.394531250000000000e-01
5.664062500000000000e-01
9.248046875000000000e-01
6.279296875000000000e-01
8.818359375000000000e-01
6.796875000000000000e-01
8.281250000000000000e-01
7.207031250000000000e-01
7.675781250000000000e-01
7.490234375000000000e-01
7.031250000000000000e-01
7.656250000000000000e-01
6.318359375000000000e-01
7.753906250000000000e-01
5.595703125000000000e-01
7.812500000000000000e-01
4.843750000000000000e-01
