2.753906250000000000e-01
4.794921875000000000e-01
2.675781250000000000e-01
5.488281250000000000e-01
2.705078125000000000e-01
6.191406250000000000e-01
2.832031250000000000e-01
6.884765625000000000e-01
3.027343750000000000e-01
7.548828125000000000e-01
3.369140625000000000e-01
8.183593750000000000e-01
3.759765625000000000e-01
8.740234375000000000e-01
4.228515625000000000e-01
9.199218750000000000e-01
4.912109375000000000e-01
9.335937500000000000e-01
5.625000000000000000e-01
9.238281250000000000e-01
6.269531250000000000e-01
8.857421875000000000e-01
6.855468750000000000e-01
8.378906250000000000e-01
7.314453125000000000e-01
7.773437500000000000e-01
7.626953125000000000e-01
7.080078125000000000e-01
7.792968750000000000e-01
6.328125000000000000e-01
7.900390625000000000e-01
5.566406250000000000e-01
7.929687500000000000e-01
4.785156250000000000e-01
