2.363281250000000000e-01
4.833984375000000000e-01
2.373046875000000000e-01
5.585937500000000000e-01
2.441406250000000000e-01
6.337890625000000000e-01
2.529296875000000000e-01
7.070312500000000000e-01
2.744140625000000000e-01
7.773437500000000000e-01
3.134765625000000000e-01
8.359375000000000000e-01
3.662109375000000000e-01
8.808593750000000000e-01
4.218750000000000000e-01
9.179687500000000000e-01
4.873046875000000000e-01
9.277343750000000000e-01
5.605468750000000000e-01
9.169921875000000000e-01
6.357421875000000000e-01
8.828125000000000000e-01
7.031250000000000000e-01
8.398437500000000000e-01
7.529296875000000000e-01
7.832031250000000000e-01
7.812500000000000000e-01
7.148437500000000000e-01
7.929687500000000000e-01
6.406250000000000000e-01
8.007812500000000000e-01
5.664062500000000000e-01
8.017578125000000000e-01
4.931640625000000000e-01
