2.119140625000000000e-01
4.531250000000000000e-01
2.187500000000000000e-01
5.302734375000000000e-01
2.333984375000000000e-01
6.064453125000000000e-01
2.529296875000000000e-01
6.816406250000000000e-01
2.832031250000000000e-01
7.480468750000000000e-01
3.291015625000000000e-01
8.056640625000000000e-01
3.808593750000000000e-01
8.535156250000000000e-01
4.375000000000000000e-01
8.886718750000000000e-01
5.000000000000000000e-01
8.964843750000000000e-01
5.605468750000000000e-01
8.828125000000000000e-01
6.123046875000000000e-01
8.427734375000000000e-01
6.611328125000000000e-01
7.929687500000000000e-01
7.031250000000000000e-01
7.353515625000000000e-01
7.285156250000000000e-01
6.679687500000000000e-01
7.451171875000000000e-01
5.947265625000000000e-01
7.568359375000000000e-01
5.214843750000000000e-01
7.636718750000000000e-01
4.482421875000000000e-01
