1.855468750000000000e-01
4.521484375000000000e-01
1.894531250000000000e-01
5.292968750000000000e-01
1.982421875000000000e-01
6.083984375000000000e-01
2.128906250000000000e-01
6.855468750000000000e-01
2.421875000000000000e-01
7.558593750000000000e-01
2.919921875000000000e-01
8.144531250000000000e-01
3.544921875000000000e-01
8.632812500000000000e-01
4.238281250000000000e-01
8.974609375000000000e-01
4.980468750000000000e-01
9.042968750000000000e-01
5.683593750000000000e-01
8.896484375000000000e-01
6.298828125000000000e-01
8.476562500000000000e-01
6.835937500000000000e-01
7.968750000000000000e-01
7.236328125000000000e-01
7.402343750000000000e-01
7.460937500000000000e-01
6.689453125000000000e-01
7.568359375000000000e-01
5.947265625000000000e-01
7.626953125000000000e-01
5.214843750000000000e-01
7.617187500000000000e-01
4.511718750000000000e-01
