1.757812500000000000e-01
4.609375000000000000e-01
1.816406250000000000e-01
5.449218750000000000e-01
1.865234375000000000e-01
6.269531250000000000e-01
1.972656250000000000e-01
7.089843750000000000e-01
2.285156250000000000e-01
7.812500000000000000e-01
2.783203125000000000e-01
8.476562500000000000e-01
3.417968750000000000e-01
9.042968750000000000e-01
4.199218750000000000e-01
9.472656250000000000e-01
5.058593750000000000e-01
9.589843750000000000e-01
5.859375000000000000e-01
9.453125000000000000e-01
6.523437500000000000e-01
8.984375000000000000e-01
7.021484375000000000e-01
8.378906250000000000e-01
7.451171875000000000e-01
7.695312500000000000e-01
7.685546875000000000e-01
6.953125000000000000e-01
7.773437500000000000e-01
6.162109375000000000e-01
7.812500000000000000e-01
5.341796875000000000e-01
7.812500000000000000e-01
4.560546875000000000e-01
