2.353515625000000000e-01
4.580078125000000000e-01
2.421875000000000000e-01
5.283203125000000000e-01
2.558593750000000000e-01
5.976562500000000000e-01
2.685546875000000000e-01
6.660156250000000000e-01
2.871093750000000000e-01
7.324218750000000000e-01
3.251953125000000000e-01
7.910156250000000000e-01
3.740234375000000000e-01
8.457031250000000000e-01
4.296875000000000000e-01
8.925781250000000000e-01
4.980468750000000000e-01
9.072265625000000000e-01
5.673828125000000000e-01
8.945312500000000000e-01
6.298828125000000000e-01
8.505859375000000000e-01
6.865234375000000000e-01
7.988281250000000000e-01
7.285156250000000000e-01
7.402343750000000000e-01
7.519531250000000000e-01
6.748046875000000000e-01
7.636718750000000000e-01
6.035156250000000000e-01
7.734375000000000000e-01
5.332031250000000000e-01
7.792968750000000000e-01
4.609375000000000000e-01
