2.246093750000000000e-01
4.687500000000000000e-01
2.275390625000000000e-01
5.439453125000000000e-01
2.363281250000000000e-01
6.201171875000000000e-01
2.500000000000000000e-01
6.914062500000000000e-01
2.744140625000000000e-01
7.626953125000000000e-01
3.164062500000000000e-01
8.271484375000000000e-01
3.681640625000000000e-01
8.818359375000000000e-01
4.287109375000000000e-01
9.267578125000000000e-01
4.970703125000000000e-01
9.433593750000000000e-01
5.693359375000000000e-01
9.306640625000000000e-01
6.367187500000000000e-01
8.916015625000000000e-01
6.972656250000000000e-01
8.437500000000000000e-01
7.460937500000000000e-01
7.861328125000000000e-01
7.695312500000000000e-01
7.148437500000000000e-01
7.802734375000000000e-01
6.357421875000000000e-01
7.900390625000000000e-01
5.595703125000000000e-01
7.929687500000000000e-01
4.824218750000000000e-01
