1.748046875000000000e-01
4.921875000000000000e-01
1.816406250000000000e-01
5.703125000000000000e-01
1.933593750000000000e-01
6.484375000000000000e-01
2.119140625000000000e-01
7.236328125000000000e-01
2.500000000000000000e-01
7.890625000000000000e-01
3.046875000000000000e-01
8.437500000000000000e-01
3.691406250000000000e-01
8.886718750000000000e-01
4.394531250000000000e-01
9.248046875000000000e-01
5.068359375000000000e-01
9.345703125000000000e-01
5.703125000000000000e-01
9.160156250000000000e-01
6.220703125000000000e-01
8.691406250000000000e-01
6.679687500000000000e-01
8.154296875000000000e-01
7.041015625000000000e-01
7.568359375000000000e-01
7.255859375000000000e-01
6.894531250000000000e-01
7.363281250000000000e-01
6.201171875000000000e-01
7.402343750000000000e-01
5.507812500000000000e-01
7.373046875000000000e-01
4.814453125000000000e-01
