2.216796875000000000e-01
4.814453125000000000e-01
2.265625000000000000e-01
5.556640625000000000e-01
2.353515625000000000e-01
6.289062500000000000e-01
2.490234375000000000e-01
7.011718750000000000e-01
2.763671875000000000e-01
7.666015625000000000e-01
3.173828125000000000e-01
8.261718750000000000e-01
3.671875000000000000e-01
8.798828125000000000e-01
4.257812500000000000e-01
9.257812500000000000e-01
4.980468750000000000e-01
9.423828125000000000e-01
5.693359375000000000e-01
9.296875000000000000e-01
6.279296875000000000e-01
8.847656250000000000e-01
6.796875000000000000e-01
8.300781250000000000e-01
7.236328125000000000e-01
7.714843750000000000e-01
7.529296875000000000e-01
7.050781250000000000e-01
7.646484375000000000e-01
6.308593750000000000e-01
7.705078125000000000e-01
5.585937500000000000e-01
7.734375000000000000e-01
4.843750000000000000e-01
