2.285156250000000000e-01
5.126953125000000000e-01
2.294921875000000000e-01
5.859375000000000000e-01
2.363281250000000000e-01
6.572265625000000000e-01
2.480468750000000000e-01
7.285156250000000000e-01
2.753906250000000000e-01
7.929687500000000000e-01
3.173828125000000000e-01
8.525390625000000000e-01
3.720703125000000000e-01
9.023437500000000000e-01
4.355468750000000000e-01
9.433593750000000000e-01
5.048828125000000000e-01
9.560546875000000000e-01
5.761718750000000000e-01
9.394531250000000000e-01
6.396484375000000000e-01
8.964843750000000000e-01
6.914062500000000000e-01
8.466796875000000000e-01
7.343750000000000000e-01
7.880859375000000000e-01
7.607421875000000000e-01
7.226562500000000000e-01
7.724609375000000000e-01
6.533203125000000000e-01
7.783203125000000000e-01
5.839843750000000000e-01
7.792968750000000000e-01
5.117187500000000000e-01
