2.265625000000000000e-01
4.130859375000000000e-01
2.392578125000000000e-01
4.970703125000000000e-01
2.587890625000000000e-01
5.771484375000000000e-01
2.753906250000000000e-01
6.562500000000000000e-01
3.017578125000000000e-01
7.275390625000000000e-01
3.476562500000000000e-01
7.880859375000000000e-01
4.003906250000000000e-01
8.349609375000000000e-01
4.560546875000000000e-01
8.740234375000000000e-01
5.175781250000000000e-01
8.876953125000000000e-01
5.810546875000000000e-01
8.740234375000000000e-01
6.425781250000000000e-01
8.339843750000000000e-01
7.031250000000000000e-01
7.871093750000000000e-01
7.529296875000000000e-01
7.265625000000000000e-01
7.851562500000000000e-01
6.542968750000000000e-01
8.017578125000000000e-01
5.722656250000000000e-01
8.134765625000000000e-01
4.882812500000000000e-01
8.232421875000000000e-01
4.023437500000000000e-01
