2.500000000000000000e-01
4.755859375000000000e-01
2.578125000000000000e-01
5.371093750000000000e-01
2.705078125000000000e-01
5.976562500000000000e-01
2.841796875000000000e-01
6.591796875000000000e-01
3.046875000000000000e-01
7.197265625000000000e-01
3.398437500000000000e-01
7.705078125000000000e-01
3.867187500000000000e-01
8.144531250000000000e-01
4.394531250000000000e-01
8.544921875000000000e-01
4.990234375000000000e-01
8.710937500000000000e-01
5.673828125000000000e-01
8.642578125000000000e-01
6.318359375000000000e-01
8.339843750000000000e-01
6.943359375000000000e-01
7.949218750000000000e-01
7.441406250000000000e-01
7.460937500000000000e-01
7.744140625000000000e-01
6.826171875000000000e-01
7.919921875000000000e-01
6.142578125000000000e-01
8.056640625000000000e-01
5.439453125000000000e-01
8.173828125000000000e-01
4.697265625000000000e-01
