1.972656250000000000e-01
4.853515625000000000e-01
2.060546875000000000e-01
5.615234375000000000e-01
2.177734375000000000e-01
6.367187500000000000e-01
2.353515625000000000e-01
7.128906250000000000e-01
2.685546875000000000e-01
7.812500000000000000e-01
3.173828125000000000e-01
8.408203125000000000e-01
3.730468750000000000e-01
8.896484375000000000e-01
4.365234375000000000e-01
9.267578125000000000e-01
5.039062500000000000e-01
9.355468750000000000e-01
5.722656250000000000e-01
9.160156250000000000e-01
6.289062500000000000e-01
8.671875000000000000e-01
6.806640625000000000e-01
8.154296875000000000e-01
7.187500000000000000e-01
7.558593750000000000e-01
7.412109375000000000e-01
6.894531250000000000e-01
7.509765625000000000e-01
6.201171875000000000e-01
7.587890625000000000e-01
5.527343750000000000e-01
7.617187500000000000e-01
4.853515625000000000e-01
