1.982421875000000000e-01
5.039062500000000000e-01
2.041015625000000000e-01
5.820312500000000000e-01
2.099609375000000000e-01
6.572265625000000000e-01
2.197265625000000000e-01
7.294921875000000000e-01
2.460937500000000000e-01
7.949218750000000000e-01
2.949218750000000000e-01
8.457031250000000000e-01
3.583984375000000000e-01
8.857421875000000000e-01
4.277343750000000000e-01
9.169921875000000000e-01
5.029296875000000000e-01
9.267578125000000000e-01
5.742187500000000000e-01
9.169921875000000000e-01
6.328125000000000000e-01
8.808593750000000000e-01
6.787109375000000000e-01
8.330078125000000000e-01
7.089843750000000000e-01
7.744140625000000000e-01
7.226562500000000000e-01
7.089843750000000000e-01
7.275390625000000000e-01
6.425781250000000000e-01
7.304687500000000000e-01
5.781250000000000000e-01
7.285156250000000000e-01
5.146484375000000000e-01
