2.109375000000000000e-01
4.677734375000000000e-01
2.138671875000000000e-01
5.429687500000000000e-01
2.187500000000000000e-01
6.171875000000000000e-01
2.294921875000000000e-01
6.923828125000000000e-01
2.529296875000000000e-01
7.646484375000000000e-01
2.988281250000000000e-01
8.251953125000000000e-01
3.554687500000000000e-01
8.759765625000000000e-01
4.248046875000000000e-01
9.179687500000000000e-01
4.990234375000000000e-01
9.287109375000000000e-01
5.771484375000000000e-01
9.150390625000000000e-01
6.503906250000000000e-01
8.740234375000000000e-01
7.158203125000000000e-01
8.261718750000000000e-01
7.685546875000000000e-01
7.685546875000000000e-01
7.958984375000000000e-01
6.982421875000000000e-01
8.066406250000000000e-01
6.230468750000000000e-01
8.085937500000000000e-01
5.439453125000000000e-01
8.085937500000000000e-01
4.677734375000000000e-01
