2.451171875000000000e-01
4.882812500000000000e-01
2.441406250000000000e-01
5.615234375000000000e-01
2.480468750000000000e-01
6.337890625000000000e-01
2.548828125000000000e-01
7.050781250000000000e-01
2.734375000000000000e-01
7.753906250000000000e-01
3.115234375000000000e-01
8.330078125000000000e-01
3.613281250000000000e-01
8.847656250000000000e-01
4.160156250000000000e-01
9.257812500000000000e-01
4.912109375000000000e-01
9.365234375000000000e-01
5.722656250000000000e-01
9.287109375000000000e-01
6.552734375000000000e-01
8.974609375000000000e-01
7.343750000000000000e-01
8.544921875000000000e-01
7.968750000000000000e-01
7.988281250000000000e-01
8.349609375000000000e-01
7.246093750000000000e-01
8.505859375000000000e-01
6.416015625000000000e-01
8.564453125000000000e-01
5.615234375000000000e-01
8.593750000000000000e-01
4.785156250000000000e-01
