2.167968750000000000e-01
4.667968750000000000e-01
2.265625000000000000e-01
5.429687500000000000e-01
2.373046875000000000e-01
6.162109375000000000e-01
2.509765625000000000e-01
6.884765625000000000e-01
2.812500000000000000e-01
7.548828125000000000e-01
3.281250000000000000e-01
8.085937500000000000e-01
3.808593750000000000e-01
8.564453125000000000e-01
4.355468750000000000e-01
9.013671875000000000e-01
5.039062500000000000e-01
9.189453125000000000e-01
5.742187500000000000e-01
9.091796875000000000e-01
6.357421875000000000e-01
8.730468750000000000e-01
6.943359375000000000e-01
8.251953125000000000e-01
7.441406250000000000e-01
7.685546875000000000e-01
7.773437500000000000e-01
6.992187500000000000e-01
7.949218750000000000e-01
6.230468750000000000e-01
8.066406250000000000e-01
5.449218750000000000e-01
8.154296875000000000e-01
4.638671875000000000e-01
