1.884765625000000000e-01
4.941406250000000000e-01
2.001953125000000000e-01
5.625000000000000000e-01
2.148437500000000000e-01
6.298828125000000000e-01
2.343750000000000000e-01
6.943359375000000000e-01
2.666015625000000000e-01
7.500000000000000000e-01
3.144531250000000000e-01
7.929687500000000000e-01
3.750000000000000000e-01
8.232421875000000000e-01
4.345703125000000000e-01
8.496093750000000000e-01
4.912109375000000000e-01
8.574218750000000000e-01
5.449218750000000000e-01
8.476562500000000000e-01
6.015625000000000000e-01
8.212890625000000000e-01
6.621093750000000000e-01
7.929687500000000000e-01
7.099609375000000000e-01
7.548828125000000000e-01
7.412109375000000000e-01
6.982421875000000000e-01
7.548828125000000000e-01
6.337890625000000000e-01
7.675781250000000000e-01
5.683593750000000000e-01
7.783203125000000000e-01
5.009765625000000000e-01
