1.533203125000000000e-01
4.306640625000000000e-01
1.630859375000000000e-01
5.185546875000000000e-01
1.806640625000000000e-01
6.054687500000000000e-01
2.041015625000000000e-01
6.826171875000000000e-01
2.431640625000000000e-01
7.490234375000000000e-01
2.978515625000000000e-01
8.066406250000000000e-01
3.603515625000000000e-01
8.505859375000000000e-01
4.208984375000000000e-01
8.867187500000000000e-01
4.736328125000000000e-01
8.955078125000000000e-01
5.244140625000000000e-01
8.789062500000000000e-01
5.742187500000000000e-01
8.359375000000000000e-01
6.269531250000000000e-01
7.900390625000000000e-01
6.767578125000000000e-01
7.392578125000000000e-01
7.089843750000000000e-01
6.777343750000000000e-01
7.246093750000000000e-01
6.064453125000000000e-01
7.324218750000000000e-01
5.351562500000000000e-01
7.333984375000000000e-01
4.599609375000000000e-01
