2.138671875000000000e-01
4.873046875000000000e-01
2.197265625000000000e-01
5.576171875000000000e-01
2.333984375000000000e-01
6.259765625000000000e-01
2.451171875000000000e-01
6.923828125000000000e-01
2.666015625000000000e-01
7.587890625000000000e-01
3.076171875000000000e-01
8.164062500000000000e-01
3.642578125000000000e-01
8.642578125000000000e-01
4.296875000000000000e-01
9.023437500000000000e-01
5.000000000000000000e-01
9.140625000000000000e-01
5.683593750000000000e-01
9.003906250000000000e-01
6.289062500000000000e-01
8.613281250000000000e-01
6.826171875000000000e-01
8.115234375000000000e-01
7.207031250000000000e-01
7.558593750000000000e-01
7.412109375000000000e-01
6.904296875000000000e-01
7.548828125000000000e-01
6.230468750000000000e-01
7.685546875000000000e-01
5.537109375000000000e-01
7.734375000000000000e-01
4.814453125000000000e-01
