2.167968750000000000e-01
4.853515625000000000e-01
2.226562500000000000e-01
5.634765625000000000e-01
2.353515625000000000e-01
6.386718750000000000e-01
2.460937500000000000e-01
7.158203125000000000e-01
2.714843750000000000e-01
7.861328125000000000e-01
3.164062500000000000e-01
8.457031250000000000e-01
3.750000000000000000e-01
8.925781250000000000e-01
4.404296875000000000e-01
9.316406250000000000e-01
5.068359375000000000e-01
9.453125000000000000e-01
5.732421875000000000e-01
9.306640625000000000e-01
6.376953125000000000e-01
8.925781250000000000e-01
6.982421875000000000e-01
8.457031250000000000e-01
7.412109375000000000e-01
7.871093750000000000e-01
7.656250000000000000e-01
7.167968750000000000e-01
7.753906250000000000e-01
6.416015625000000000e-01
7.871093750000000000e-01
5.673828125000000000e-01
7.929687500000000000e-01
4.912109375000000000e-01
