1.962890625000000000e-01
4.892578125000000000e-01
2.070312500000000000e-01
5.595703125000000000e-01
2.216796875000000000e-01
6.269531250000000000e-01
2.363281250000000000e-01
6.953125000000000000e-01
2.626953125000000000e-01
7.578125000000000000e-01
3.076171875000000000e-01
8.076171875000000000e-01
3.662109375000000000e-01
8.476562500000000000e-01
4.277343750000000000e-01
8.818359375000000000e-01
4.931640625000000000e-01
8.945312500000000000e-01
5.595703125000000000e-01
8.857421875000000000e-01
6.230468750000000000e-01
8.535156250000000000e-01
6.806640625000000000e-01
8.125000000000000000e-01
7.236328125000000000e-01
7.607421875000000000e-01
7.500000000000000000e-01
6.953125000000000000e-01
7.646484375000000000e-01
6.250000000000000000e-01
7.783203125000000000e-01
5.556640625000000000e-01
7.890625000000000000e-01
4.833984375000000000e-01
