2.656250000000000000e-01
4.941406250000000000e-01
2.558593750000000000e-01
5.634765625000000000e-01
2.568359375000000000e-01
6.347656250000000000e-01
2.675781250000000000e-01
7.041015625000000000e-01
2.900390625000000000e-01
7.695312500000000000e-01
3.291015625000000000e-01
8.310546875000000000e-01
3.769531250000000000e-01
8.857421875000000000e-01
4.277343750000000000e-01
9.345703125000000000e-01
4.892578125000000000e-01
9.550781250000000000e-01
5.566406250000000000e-01
9.472656250000000000e-01
6.210937500000000000e-01
9.130859375000000000e-01
6.806640625000000000e-01
8.652343750000000000e-01
7.294921875000000000e-01
8.037109375000000000e-01
7.617187500000000000e-01
7.333984375000000000e-01
7.773437500000000000e-01
6.562500000000000000e-01
7.880859375000000000e-01
5.791015625000000000e-01
7.910156250000000000e-01
5.019531250000000000e-01
