2.392578125000000000e-01
4.570312500000000000e-01
2.431640625000000000e-01
5.292968750000000000e-01
2.548828125000000000e-01
5.996093750000000000e-01
2.666015625000000000e-01
6.679687500000000000e-01
2.910156250000000000e-01
7.324218750000000000e-01
3.310546875000000000e-01
7.900390625000000000e-01
3.818359375000000000e-01
8.447265625000000000e-01
4.394531250000000000e-01
8.916015625000000000e-01
5.029296875000000000e-01
9.082031250000000000e-01
5.664062500000000000e-01
8.964843750000000000e-01
6.289062500000000000e-01
8.535156250000000000e-01
6.826171875000000000e-01
8.027343750000000000e-01
7.275390625000000000e-01
7.431640625000000000e-01
7.558593750000000000e-01
6.757812500000000000e-01
7.695312500000000000e-01
6.015625000000000000e-01
7.812500000000000000e-01
5.283203125000000000e-01
7.871093750000000000e-01
4.531250000000000000e-01
