1.748046875000000000e-01
4.775390625000000000e-01
1.787109375000000000e-01
5.556640625000000000e-01
1.875000000000000000e-01
6.337890625000000000e-01
2.050781250000000000e-01
7.089843750000000000e-01
2.373046875000000000e-01
7.802734375000000000e-01
2.861328125000000000e-01
8.447265625000000000e-01
3.505859375000000000e-01
8.974609375000000000e-01
4.257812500000000000e-01
9.335937500000000000e-01
5.029296875000000000e-01
9.423828125000000000e-01
5.732421875000000000e-01
9.238281250000000000e-01
6.347656250000000000e-01
8.808593750000000000e-01
6.875000000000000000e-01
8.281250000000000000e-01
7.255859375000000000e-01
7.646484375000000000e-01
7.460937500000000000e-01
6.962890625000000000e-01
7.539062500000000000e-01
6.240234375000000000e-01
7.548828125000000000e-01
5.537109375000000000e-01
7.470703125000000000e-01
4.873046875000000000e-01
