2.138671875000000000e-01
5.205078125000000000e-01
2.167968750000000000e-01
5.878906250000000000e-01
2.255859375000000000e-01
6.562500000000000000e-01
2.402343750000000000e-01
7.246093750000000000e-01
2.646484375000000000e-01
7.880859375000000000e-01
3.056640625000000000e-01
8.447265625000000000e-01
3.593750000000000000e-01
8.886718750000000000e-01
4.277343750000000000e-01
9.169921875000000000e-01
5.000000000000000000e-01
9.238281250000000000e-01
5.712890625000000000e-01
9.140625000000000000e-01
6.308593750000000000e-01
8.818359375000000000e-01
6.767578125000000000e-01
8.359375000000000000e-01
7.080078125000000000e-01
7.783203125000000000e-01
7.236328125000000000e-01
7.128906250000000000e-01
7.333984375000000000e-01
6.474609375000000000e-01
7.421875000000000000e-01
5.820312500000000000e-01
7.441406250000000000e-01
5.195312500000000000e-01
