2.500000000000000000e-01
4.697265625000000000e-01
2.480468750000000000e-01
5.410156250000000000e-01
2.539062500000000000e-01
6.103515625000000000e-01
2.656250000000000000e-01
6.806640625000000000e-01
2.861328125000000000e-01
7.509765625000000000e-01
3.212890625000000000e-01
8.115234375000000000e-01
3.720703125000000000e-01
8.642578125000000000e-01
4.287109375000000000e-01
9.062500000000000000e-01
4.970703125000000000e-01
9.248046875000000000e-01
5.742187500000000000e-01
9.169921875000000000e-01
6.582031250000000000e-01
8.886718750000000000e-01
7.363281250000000000e-01
8.457031250000000000e-01
8.007812500000000000e-01
7.871093750000000000e-01
8.437500000000000000e-01
7.148437500000000000e-01
8.662109375000000000e-01
6.347656250000000000e-01
8.730468750000000000e-01
5.517578125000000000e-01
8.769531250000000000e-01
4.687500000000000000e-01
