2.343750000000000000e-01
4.609375000000000000e-01
2.392578125000000000e-01
5.341796875000000000e-01
2.490234375000000000e-01
6.074218750000000000e-01
2.607421875000000000e-01
6.787109375000000000e-01
2.832031250000000000e-01
7.470703125000000000e-01
3.271484375000000000e-01
8.066406250000000000e-01
3.759765625000000000e-01
8.623046875000000000e-01
4.326171875000000000e-01
9.130859375000000000e-01
4.980468750000000000e-01
9.306640625000000000e-01
5.664062500000000000e-01
9.169921875000000000e-01
6.210937500000000000e-01
8.701171875000000000e-01
6.708984375000000000e-01
8.173828125000000000e-01
7.158203125000000000e-01
7.587890625000000000e-01
7.451171875000000000e-01
6.923828125000000000e-01
7.626953125000000000e-01
6.191406250000000000e-01
7.763671875000000000e-01
5.429687500000000000e-01
7.832031250000000000e-01
4.667968750000000000e-01
