2.246093750000000000e-01
4.707031250000000000e-01
2.304687500000000000e-01
5.410156250000000000e-01
2.421875000000000000e-01
6.123046875000000000e-01
2.548828125000000000e-01
6.816406250000000000e-01
2.773437500000000000e-01
7.490234375000000000e-01
3.183593750000000000e-01
8.085937500000000000e-01
3.701171875000000000e-01
8.593750000000000000e-01
4.296875000000000000e-01
9.023437500000000000e-01
4.970703125000000000e-01
9.140625000000000000e-01
5.634765625000000000e-01
8.994140625000000000e-01
6.220703125000000000e-01
8.554687500000000000e-01
6.728515625000000000e-01
8.027343750000000000e-01
7.138671875000000000e-01
7.421875000000000000e-01
7.353515625000000000e-01
6.728515625000000000e-01
7.490234375000000000e-01
6.025390625000000000e-01
7.568359375000000000e-01
5.341796875000000000e-01
7.597656250000000000e-01
4.648437500000000000e-01
