2.509765625000000000e-01
4.843750000000000000e-01
2.509765625000000000e-01
5.517578125000000000e-01
2.607421875000000000e-01
6.201171875000000000e-01
2.695312500000000000e-01
6.894531250000000000e-01
2.919921875000000000e-01
7.519531250000000000e-01
3.330078125000000000e-01
8.046875000000000000e-01
3.857421875000000000e-01
8.496093750000000000e-01
4.443359375000000000e-01
8.857421875000000000e-01
5.048828125000000000e-01
8.974609375000000000e-01
5.644531250000000000e-01
8.847656250000000000e-01
6.181640625000000000e-01
8.466796875000000000e-01
6.679687500000000000e-01
8.017578125000000000e-01
7.070312500000000000e-01
7.509765625000000000e-01
7.314453125000000000e-01
6.923828125000000000e-01
7.412109375000000000e-01
6.289062500000000000e-01
7.480468750000000000e-01
5.654296875000000000e-01
7.470703125000000000e-01
4.990234375000000000e-01
