2.500000000000000000e-01
4.599609375000000000e-01
2.548828125000000000e-01
5.351562500000000000e-01
2.646484375000000000e-01
6.093750000000000000e-01
2.792968750000000000e-01
6.787109375000000000e-01
3.066406250000000000e-01
7.431640625000000000e-01
3.476562500000000000e-01
8.007812500000000000e-01
3.925781250000000000e-01
8.515625000000000000e-01
4.453125000000000000e-01
8.906250000000000000e-01
5.019531250000000000e-01
9.023437500000000000e-01
5.585937500000000000e-01
8.925781250000000000e-01
6.123046875000000000e-01
8.554687500000000000e-01
6.591796875000000000e-01
8.134765625000000000e-01
7.011718750000000000e-01
7.656250000000000000e-01
7.314453125000000000e-01
7.050781250000000000e-01
7.460937500000000000e-01
6.337890625000000000e-01
7.568359375000000000e-01
5.615234375000000000e-01
7.626953125000000000e-01
4.873046875000000000e-01
