1.943359375000000000e-01
5.136718750000000000e-01
1.972656250000000000e-01
5.820312500000000000e-01
2.021484375000000000e-01
6.494140625000000000e-01
2.158203125000000000e-01
7.197265625000000000e-01
2.451171875000000000e-01
7.861328125000000000e-01
2.939453125000000000e-01
8.447265625000000000e-01
3.544921875000000000e-01
8.925781250000000000e-01
4.267578125000000000e-01
9.287109375000000000e-01
5.039062500000000000e-01
9.384765625000000000e-01
5.791015625000000000e-01
9.228515625000000000e-01
6.406250000000000000e-01
8.769531250000000000e-01
6.894531250000000000e-01
8.232421875000000000e-01
7.236328125000000000e-01
7.617187500000000000e-01
7.392578125000000000e-01
6.943359375000000000e-01
7.460937500000000000e-01
6.269531250000000000e-01
7.451171875000000000e-01
5.634765625000000000e-01
7.382812500000000000e-01
5.019531250000000000e-01
