2.255859375000000000e-01
5.117187500000000000e-01
2.236328125000000000e-01
5.781250000000000000e-01
2.324218750000000000e-01
6.435546875000000000e-01
2.470703125000000000e-01
7.089843750000000000e-01
2.734375000000000000e-01
7.705078125000000000e-01
3.164062500000000000e-01
8.242187500000000000e-01
3.652343750000000000e-01
8.691406250000000000e-01
4.248046875000000000e-01
9.101562500000000000e-01
4.902343750000000000e-01
9.267578125000000000e-01
5.595703125000000000e-01
9.160156250000000000e-01
6.259765625000000000e-01
8.808593750000000000e-01
6.855468750000000000e-01
8.447265625000000000e-01
7.353515625000000000e-01
7.949218750000000000e-01
7.656250000000000000e-01
7.343750000000000000e-01
7.802734375000000000e-01
6.669921875000000000e-01
7.919921875000000000e-01
5.986328125000000000e-01
7.949218750000000000e-01
5.312500000000000000e-01
