2.314453125000000000e-01
4.316406250000000000e-01
2.382812500000000000e-01
5.009765625000000000e-01
2.480468750000000000e-01
5.673828125000000000e-01
2.597656250000000000e-01
6.337890625000000000e-01
2.861328125000000000e-01
6.933593750000000000e-01
3.310546875000000000e-01
7.421875000000000000e-01
3.808593750000000000e-01
7.890625000000000000e-01
4.345703125000000000e-01
8.310546875000000000e-01
4.951171875000000000e-01
8.447265625000000000e-01
5.585937500000000000e-01
8.378906250000000000e-01
6.181640625000000000e-01
8.027343750000000000e-01
6.748046875000000000e-01
7.617187500000000000e-01
7.207031250000000000e-01
7.109375000000000000e-01
7.500000000000000000e-01
6.503906250000000000e-01
7.685546875000000000e-01
5.830078125000000000e-01
7.832031250000000000e-01
5.136718750000000000e-01
7.929687500000000000e-01
4.414062500000000000e-01
