2.148437500000000000e-01
4.697265625000000000e-01
2.216796875000000000e-01
5.449218750000000000e-01
2.343750000000000000e-01
6.191406250000000000e-01
2.470703125000000000e-01
6.904296875000000000e-01
2.724609375000000000e-01
7.558593750000000000e-01
3.134765625000000000e-01
8.134765625000000000e-01
3.652343750000000000e-01
8.632812500000000000e-01
4.277343750000000000e-01
9.013671875000000000e-01
4.990234375000000000e-01
9.101562500000000000e-01
5.664062500000000000e-01
8.964843750000000000e-01
6.220703125000000000e-01
8.564453125000000000e-01
6.679687500000000000e-01
8.095703125000000000e-01
7.041015625000000000e-01
7.529296875000000000e-01
7.246093750000000000e-01
6.875000000000000000e-01
7.382812500000000000e-01
6.181640625000000000e-01
7.529296875000000000e-01
5.488281250000000000e-01
7.607421875000000000e-01
4.765625000000000000e-01
