2.207031250000000000e-01
4.492187500000000000e-01
2.314453125000000000e-01
5.214843750000000000e-01
2.451171875000000000e-01
5.878906250000000000e-01
2.558593750000000000e-01
6.542968750000000000e-01
2.802734375000000000e-01
7.138671875000000000e-01
3.222656250000000000e-01
7.597656250000000000e-01
3.750000000000000000e-01
7.988281250000000000e-01
4.316406250000000000e-01
8.330078125000000000e-01
4.863281250000000000e-01
8.437500000000000000e-01
5.419921875000000000e-01
8.320312500000000000e-01
5.986328125000000000e-01
7.949218750000000000e-01
6.542968750000000000e-01
7.548828125000000000e-01
7.011718750000000000e-01
7.080078125000000000e-01
7.275390625000000000e-01
6.474609375000000000e-01
7.373046875000000000e-01
5.810546875000000000e-01
7.480468750000000000e-01
5.156250000000000000e-01
7.568359375000000000e-01
4.443359375000000000e-01
