2.763671875000000000e-01
5.058593750000000000e-01
2.685546875000000000e-01
5.683593750000000000e-01
2.705078125000000000e-01
6.328125000000000000e-01
2.783203125000000000e-01
6.982421875000000000e-01
2.900390625000000000e-01
7.646484375000000000e-01
3.164062500000000000e-01
8.232421875000000000e-01
3.603515625000000000e-01
8.710937500000000000e-01
4.130859375000000000e-01
9.082031250000000000e-01
4.824218750000000000e-01
9.218750000000000000e-01
5.576171875000000000e-01
9.111328125000000000e-01
6.298828125000000000e-01
8.837890625000000000e-01
7.011718750000000000e-01
8.496093750000000000e-01
7.578125000000000000e-01
7.998046875000000000e-01
7.919921875000000000e-01
7.343750000000000000e-01
8.085937500000000000e-01
6.611328125000000000e-01
8.144531250000000000e-01
5.849609375000000000e-01
8.183593750000000000e-01
5.097656250000000000e-01
