2.265625000000000000e-01
4.882812500000000000e-01
2.314453125000000000e-01
5.585937500000000000e-01
2.392578125000000000e-01
6.279296875000000000e-01
2.500000000000000000e-01
6.982421875000000000e-01
2.744140625000000000e-01
7.656250000000000000e-01
3.183593750000000000e-01
8.222656250000000000e-01
3.710937500000000000e-01
8.750000000000000000e-01
4.306640625000000000e-01
9.189453125000000000e-01
4.980468750000000000e-01
9.335937500000000000e-01
5.673828125000000000e-01
9.248046875000000000e-01
6.308593750000000000e-01
8.867187500000000000e-01
6.865234375000000000e-01
8.369140625000000000e-01
7.324218750000000000e-01
7.773437500000000000e-01
7.617187500000000000e-01
7.089843750000000000e-01
7.792968750000000000e-01
6.357421875000000000e-01
7.929687500000000000e-01
5.625000000000000000e-01
8.037109375000000000e-01
4.853515625000000000e-01
