2.070312500000000000e-01
4.609375000000000000e-01
2.128906250000000000e-01
5.351562500000000000e-01
2.207031250000000000e-01
6.074218750000000000e-01
2.333984375000000000e-01
6.796875000000000000e-01
2.558593750000000000e-01
7.480468750000000000e-01
2.998046875000000000e-01
8.066406250000000000e-01
3.554687500000000000e-01
8.593750000000000000e-01
4.208984375000000000e-01
9.003906250000000000e-01
4.951171875000000000e-01
9.121093750000000000e-01
5.654296875000000000e-01
8.984375000000000000e-01
6.259765625000000000e-01
8.564453125000000000e-01
6.787109375000000000e-01
8.085937500000000000e-01
7.207031250000000000e-01
7.539062500000000000e-01
7.412109375000000000e-01
6.875000000000000000e-01
7.509765625000000000e-01
6.162109375000000000e-01
7.568359375000000000e-01
5.468750000000000000e-01
7.617187500000000000e-01
4.765625000000000000e-01
