2.314453125000000000e-01
4.785156250000000000e-01
2.412109375000000000e-01
5.507812500000000000e-01
2.539062500000000000e-01
6.191406250000000000e-01
2.666015625000000000e-01
6.855468750000000000e-01
2.929687500000000000e-01
7.470703125000000000e-01
3.359375000000000000e-01
7.968750000000000000e-01
3.857421875000000000e-01
8.427734375000000000e-01
4.404296875000000000e-01
8.808593750000000000e-01
5.058593750000000000e-01
8.906250000000000000e-01
5.732421875000000000e-01
8.828125000000000000e-01
6.357421875000000000e-01
8.496093750000000000e-01
6.894531250000000000e-01
8.076171875000000000e-01
7.324218750000000000e-01
7.558593750000000000e-01
7.587890625000000000e-01
6.914062500000000000e-01
7.724609375000000000e-01
6.220703125000000000e-01
7.871093750000000000e-01
5.527343750000000000e-01
7.978515625000000000e-01
4.785156250000000000e-01
