2.470703125000000000e-01
4.912109375000000000e-01
2.402343750000000000e-01
5.595703125000000000e-01
2.382812500000000000e-01
6.279296875000000000e-01
2.441406250000000000e-01
6.982421875000000000e-01
2.646484375000000000e-01
7.646484375000000000e-01
3.046875000000000000e-01
8.232421875000000000e-01
3.554687500000000000e-01
8.769531250000000000e-01
4.150390625000000000e-01
9.257812500000000000e-01
4.873046875000000000e-01
9.443359375000000000e-01
5.615234375000000000e-01
9.306640625000000000e-01
6.298828125000000000e-01
8.876953125000000000e-01
6.943359375000000000e-01
8.408203125000000000e-01
7.490234375000000000e-01
7.832031250000000000e-01
7.812500000000000000e-01
7.177734375000000000e-01
7.939453125000000000e-01
6.445312500000000000e-01
8.007812500000000000e-01
5.732421875000000000e-01
8.046875000000000000e-01
4.990234375000000000e-01
