1.992187500000000000e-01
4.970703125000000000e-01
1.992187500000000000e-01
5.712890625000000000e-01
2.070312500000000000e-01
6.455078125000000000e-01
2.187500000000000000e-01
7.207031250000000000e-01
2.460937500000000000e-01
7.910156250000000000e-01
2.929687500000000000e-01
8.505859375000000000e-01
3.564453125000000000e-01
8.974609375000000000e-01
4.277343750000000000e-01
9.296875000000000000e-01
5.068359375000000000e-01
9.365234375000000000e-01
5.791015625000000000e-01
9.228515625000000000e-01
6.406250000000000000e-01
8.828125000000000000e-01
6.904296875000000000e-01
8.291015625000000000e-01
7.207031250000000000e-01
7.646484375000000000e-01
7.343750000000000000e-01
6.933593750000000000e-01
7.460937500000000000e-01
6.240234375000000000e-01
7.509765625000000000e-01
5.566406250000000000e-01
7.402343750000000000e-01
4.921875000000000000e-01
