2.285156250000000000e-01
4.482421875000000000e-01
2.373046875000000000e-01
5.224609375000000000e-01
2.519531250000000000e-01
5.957031250000000000e-01
2.656250000000000000e-01
6.679687500000000000e-01
2.900390625000000000e-01
7.353515625000000000e-01
3.300781250000000000e-01
7.929687500000000000e-01
3.847656250000000000e-01
8.417968750000000000e-01
4.404296875000000000e-01
8.837890625000000000e-01
5.058593750000000000e-01
8.984375000000000000e-01
5.712890625000000000e-01
8.876953125000000000e-01
6.357421875000000000e-01
8.466796875000000000e-01
6.943359375000000000e-01
7.958984375000000000e-01
7.421875000000000000e-01
7.382812500000000000e-01
7.734375000000000000e-01
6.689453125000000000e-01
7.910156250000000000e-01
5.927734375000000000e-01
8.037109375000000000e-01
5.156250000000000000e-01
8.115234375000000000e-01
4.384765625000000000e-01
