2.080078125000000000e-01
4.785156250000000000e-01
2.119140625000000000e-01
5.556640625000000000e-01
2.216796875000000000e-01
6.298828125000000000e-01
2.353515625000000000e-01
7.011718750000000000e-01
2.626953125000000000e-01
7.666015625000000000e-01
3.076171875000000000e-01
8.222656250000000000e-01
3.662109375000000000e-01
8.671875000000000000e-01
4.306640625000000000e-01
9.013671875000000000e-01
5.009765625000000000e-01
9.111328125000000000e-01
5.693359375000000000e-01
8.974609375000000000e-01
6.279296875000000000e-01
8.583984375000000000e-01
6.806640625000000000e-01
8.125000000000000000e-01
7.207031250000000000e-01
7.568359375000000000e-01
7.460937500000000000e-01
6.923828125000000000e-01
7.597656250000000000e-01
6.220703125000000000e-01
7.685546875000000000e-01
5.517578125000000000e-01
7.714843750000000000e-01
4.804687500000000000e-01
