1.787109375000000000e-01
4.755859375000000000e-01
1.923828125000000000e-01
5.517578125000000000e-01
2.080078125000000000e-01
6.269531250000000000e-01
2.285156250000000000e-01
6.992187500000000000e-01
2.607421875000000000e-01
7.646484375000000000e-01
3.134765625000000000e-01
8.144531250000000000e-01
3.750000000000000000e-01
8.535156250000000000e-01
4.355468750000000000e-01
8.837890625000000000e-01
4.970703125000000000e-01
8.945312500000000000e-01
5.576171875000000000e-01
8.769531250000000000e-01
6.162109375000000000e-01
8.369140625000000000e-01
6.757812500000000000e-01
7.929687500000000000e-01
7.246093750000000000e-01
7.373046875000000000e-01
7.529296875000000000e-01
6.718750000000000000e-01
7.675781250000000000e-01
6.005859375000000000e-01
7.802734375000000000e-01
5.292968750000000000e-01
7.900390625000000000e-01
4.580078125000000000e-01
