2.343750000000000000e-01
4.511718750000000000e-01
2.412109375000000000e-01
5.244140625000000000e-01
2.558593750000000000e-01
6.005859375000000000e-01
2.734375000000000000e-01
6.748046875000000000e-01
2.998046875000000000e-01
7.441406250000000000e-01
3.398437500000000000e-01
8.066406250000000000e-01
3.857421875000000000e-01
8.613281250000000000e-01
4.384765625000000000e-01
9.072265625000000000e-01
5.039062500000000000e-01
9.218750000000000000e-01
5.712890625000000000e-01
9.082031250000000000e-01
6.279296875000000000e-01
8.632812500000000000e-01
6.748046875000000000e-01
8.066406250000000000e-01
7.109375000000000000e-01
7.412109375000000000e-01
7.324218750000000000e-01
6.679687500000000000e-01
7.480468750000000000e-01
5.947265625000000000e-01
7.617187500000000000e-01
5.205078125000000000e-01
7.656250000000000000e-01
4.462890625000000000e-01
