1.982421875000000000e-01
4.707031250000000000e-01
2.089843750000000000e-01
5.439453125000000000e-01
2.246093750000000000e-01
6.162109375000000000e-01
2.412109375000000000e-01
6.855468750000000000e-01
2.744140625000000000e-01
7.480468750000000000e-01
3.251953125000000000e-01
7.988281250000000000e-01
3.798828125000000000e-01
8.417968750000000000e-01
4.384765625000000000e-01
8.789062500000000000e-01
4.970703125000000000e-01
8.896484375000000000e-01
5.527343750000000000e-01
8.740234375000000000e-01
6.054687500000000000e-01
8.281250000000000000e-01
6.591796875000000000e-01
7.832031250000000000e-01
7.080078125000000000e-01
7.353515625000000000e-01
7.363281250000000000e-01
6.738281250000000000e-01
7.451171875000000000e-01
6.044921875000000000e-01
7.470703125000000000e-01
5.380859375000000000e-01
7.500000000000000000e-01
4.677734375000000000e-01
