2.646484375000000000e-01
4.697265625000000000e-01
2.597656250000000000e-01
5.371093750000000000e-01
2.626953125000000000e-01
6.064453125000000000e-01
2.714843750000000000e-01
6.757812500000000000e-01
2.890625000000000000e-01
7.441406250000000000e-01
3.222656250000000000e-01
8.066406250000000000e-01
3.642578125000000000e-01
8.613281250000000000e-01
4.160156250000000000e-01
9.072265625000000000e-01
4.833984375000000000e-01
9.238281250000000000e-01
5.566406250000000000e-01
9.169921875000000000e-01
6.289062500000000000e-01
8.808593750000000000e-01
7.001953125000000000e-01
8.330078125000000000e-01
7.626953125000000000e-01
7.744140625000000000e-01
8.056640625000000000e-01
7.041015625000000000e-01
8.281250000000000000e-01
6.269531250000000000e-01
8.330078125000000000e-01
5.439453125000000000e-01
8.369140625000000000e-01
4.609375000000000000e-01
