2.363281250000000000e-01
5.136718750000000000e-01
2.421875000000000000e-01
5.771484375000000000e-01
2.519531250000000000e-01
6.406250000000000000e-01
2.607421875000000000e-01
7.070312500000000000e-01
2.753906250000000000e-01
7.724609375000000000e-01
3.056640625000000000e-01
8.300781250000000000e-01
3.505859375000000000e-01
8.789062500000000000e-01
4.082031250000000000e-01
9.208984375000000000e-01
4.804687500000000000e-01
9.326171875000000000e-01
5.585937500000000000e-01
9.257812500000000000e-01
6.240234375000000000e-01
8.945312500000000000e-01
6.787109375000000000e-01
8.505859375000000000e-01
7.167968750000000000e-01
7.919921875000000000e-01
7.382812500000000000e-01
7.236328125000000000e-01
7.539062500000000000e-01
6.552734375000000000e-01
7.656250000000000000e-01
5.839843750000000000e-01
7.714843750000000000e-01
5.107421875000000000e-01
