2.431640625000000000e-01
4.902343750000000000e-01
2.451171875000000000e-01
5.605468750000000000e-01
2.529296875000000000e-01
6.318359375000000000e-01
2.626953125000000000e-01
7.001953125000000000e-01
2.851562500000000000e-01
7.666015625000000000e-01
3.261718750000000000e-01
8.222656250000000000e-01
3.740234375000000000e-01
8.681640625000000000e-01
4.287109375000000000e-01
9.062500000000000000e-01
4.921875000000000000e-01
9.199218750000000000e-01
5.595703125000000000e-01
9.121093750000000000e-01
6.269531250000000000e-01
8.818359375000000000e-01
6.884765625000000000e-01
8.417968750000000000e-01
7.392578125000000000e-01
7.880859375000000000e-01
7.714843750000000000e-01
7.207031250000000000e-01
7.861328125000000000e-01
6.464843750000000000e-01
7.949218750000000000e-01
5.751953125000000000e-01
7.968750000000000000e-01
5.019531250000000000e-01
