2.148437500000000000e-01
4.726562500000000000e-01
2.265625000000000000e-01
5.439453125000000000e-01
2.431640625000000000e-01
6.142578125000000000e-01
2.597656250000000000e-01
6.845703125000000000e-01
2.871093750000000000e-01
7.451171875000000000e-01
3.310546875000000000e-01
7.949218750000000000e-01
3.886718750000000000e-01
8.310546875000000000e-01
4.453125000000000000e-01
8.583984375000000000e-01
5.000000000000000000e-01
8.681640625000000000e-01
5.546875000000000000e-01
8.574218750000000000e-01
6.132812500000000000e-01
8.271484375000000000e-01
6.699218750000000000e-01
7.880859375000000000e-01
7.148437500000000000e-01
7.412109375000000000e-01
7.451171875000000000e-01
6.796875000000000000e-01
7.636718750000000000e-01
6.132812500000000000e-01
7.812500000000000000e-01
5.429687500000000000e-01
7.949218750000000000e-01
4.716796875000000000e-01
