2.578125000000000000e-01
4.853515625000000000e-01
2.548828125000000000e-01
5.546875000000000000e-01
2.597656250000000000e-01
6.230468750000000000e-01
2.724609375000000000e-01
6.904296875000000000e-01
2.949218750000000000e-01
7.539062500000000000e-01
3.310546875000000000e-01
8.095703125000000000e-01
3.798828125000000000e-01
8.574218750000000000e-01
4.335937500000000000e-01
9.033203125000000000e-01
4.960937500000000000e-01
9.189453125000000000e-01
5.595703125000000000e-01
9.072265625000000000e-01
6.171875000000000000e-01
8.691406250000000000e-01
6.718750000000000000e-01
8.222656250000000000e-01
7.148437500000000000e-01
7.656250000000000000e-01
7.421875000000000000e-01
7.021484375000000000e-01
7.578125000000000000e-01
6.318359375000000000e-01
7.714843750000000000e-01
5.605468750000000000e-01
7.773437500000000000e-01
4.873046875000000000e-01
