2.636718750000000000e-01
4.912109375000000000e-01
2.636718750000000000e-01
5.546875000000000000e-01
2.705078125000000000e-01
6.201171875000000000e-01
2.792968750000000000e-01
6.865234375000000000e-01
2.958984375000000000e-01
7.548828125000000000e-01
3.281250000000000000e-01
8.144531250000000000e-01
3.740234375000000000e-01
8.662109375000000000e-01
4.267578125000000000e-01
9.121093750000000000e-01
4.912109375000000000e-01
9.316406250000000000e-01
5.683593750000000000e-01
9.267578125000000000e-01
6.474609375000000000e-01
9.013671875000000000e-01
7.236328125000000000e-01
8.623046875000000000e-01
7.822265625000000000e-01
8.066406250000000000e-01
8.193359375000000000e-01
7.363281250000000000e-01
8.359375000000000000e-01
6.572265625000000000e-01
8.417968750000000000e-01
5.751953125000000000e-01
8.486328125000000000e-01
4.931640625000000000e-01
