2.099609375000000000e-01
4.951171875000000000e-01
2.158203125000000000e-01
5.732421875000000000e-01
2.285156250000000000e-01
6.523437500000000000e-01
2.431640625000000000e-01
7.265625000000000000e-01
2.666015625000000000e-01
7.968750000000000000e-01
3.066406250000000000e-01
8.583984375000000000e-01
3.613281250000000000e-01
9.111328125000000000e-01
4.248046875000000000e-01
9.472656250000000000e-01
4.960937500000000000e-01
9.570312500000000000e-01
5.644531250000000000e-01
9.414062500000000000e-01
6.250000000000000000e-01
8.994140625000000000e-01
6.757812500000000000e-01
8.457031250000000000e-01
7.148437500000000000e-01
7.851562500000000000e-01
7.412109375000000000e-01
7.138671875000000000e-01
7.568359375000000000e-01
6.386718750000000000e-01
7.685546875000000000e-01
5.654296875000000000e-01
7.724609375000000000e-01
4.892578125000000000e-01
