2.871093750000000000e-01
4.951171875000000000e-01
2.832031250000000000e-01
5.546875000000000000e-01
2.861328125000000000e-01
6.191406250000000000e-01
2.978515625000000000e-01
6.865234375000000000e-01
3.164062500000000000e-01
7.519531250000000000e-01
3.486328125000000000e-01
8.115234375000000000e-01
3.867187500000000000e-01
8.710937500000000000e-01
4.335937500000000000e-01
9.218750000000000000e-01
4.980468750000000000e-01
9.384765625000000000e-01
5.712890625000000000e-01
9.277343750000000000e-01
6.376953125000000000e-01
8.896484375000000000e-01
6.992187500000000000e-01
8.417968750000000000e-01
7.500000000000000000e-01
7.832031250000000000e-01
7.792968750000000000e-01
7.138671875000000000e-01
7.958984375000000000e-01
6.386718750000000000e-01
8.037109375000000000e-01
5.615234375000000000e-01
8.085937500000000000e-01
4.843750000000000000e-01
