1.923828125000000000e-01
4.716796875000000000e-01
2.050781250000000000e-01
5.458984375000000000e-01
2.207031250000000000e-01
6.162109375000000000e-01
2.373046875000000000e-01
6.845703125000000000e-01
2.646484375000000000e-01
7.470703125000000000e-01
3.095703125000000000e-01
7.939453125000000000e-01
3.730468750000000000e-01
8.291015625000000000e-01
4.365234375000000000e-01
8.593750000000000000e-01
4.990234375000000000e-01
8.710937500000000000e-01
5.615234375000000000e-01
8.574218750000000000e-01
6.240234375000000000e-01
8.232421875000000000e-01
6.835937500000000000e-01
7.841796875000000000e-01
7.265625000000000000e-01
7.353515625000000000e-01
7.509765625000000000e-01
6.738281250000000000e-01
7.636718750000000000e-01
6.083984375000000000e-01
7.763671875000000000e-01
5.429687500000000000e-01
7.871093750000000000e-01
4.726562500000000000e-01
