2.197265625000000000e-01
4.990234375000000000e-01
2.216796875000000000e-01
5.673828125000000000e-01
2.285156250000000000e-01
6.396484375000000000e-01
2.392578125000000000e-01
7.128906250000000000e-01
2.656250000000000000e-01
7.832031250000000000e-01
3.085937500000000000e-01
8.447265625000000000e-01
3.642578125000000000e-01
8.994140625000000000e-01
4.267578125000000000e-01
9.453125000000000000e-01
4.980468750000000000e-01
9.609375000000000000e-01
5.683593750000000000e-01
9.472656250000000000e-01
6.308593750000000000e-01
9.042968750000000000e-01
6.884765625000000000e-01
8.525390625000000000e-01
7.363281250000000000e-01
7.939453125000000000e-01
7.656250000000000000e-01
7.275390625000000000e-01
7.773437500000000000e-01
6.552734375000000000e-01
7.822265625000000000e-01
5.820312500000000000e-01
7.851562500000000000e-01
5.078125000000000000e-01
