1.992187500000000000e-01
4.062500000000000000e-01
2.099609375000000000e-01
4.833984375000000000e-01
2.236328125000000000e-01
5.556640625000000000e-01
2.382812500000000000e-01
6.240234375000000000e-01
2.714843750000000000e-01
6.826171875000000000e-01
3.242187500000000000e-01
7.304687500000000000e-01
3.789062500000000000e-01
7.734375000000000000e-01
4.316406250000000000e-01
8.154296875000000000e-01
4.892578125000000000e-01
8.291015625000000000e-01
5.458984375000000000e-01
8.193359375000000000e-01
5.957031250000000000e-01
7.783203125000000000e-01
6.474609375000000000e-01
7.363281250000000000e-01
6.982421875000000000e-01
6.884765625000000000e-01
7.343750000000000000e-01
6.308593750000000000e-01
7.519531250000000000e-01
5.625000000000000000e-01
7.636718750000000000e-01
4.921875000000000000e-01
7.714843750000000000e-01
4.179687500000000000e-01
