2.353515625000000000e-01
4.296875000000000000e-01
2.431640625000000000e-01
5.019531250000000000e-01
2.558593750000000000e-01
5.703125000000000000e-01
2.705078125000000000e-01
6.386718750000000000e-01
2.968750000000000000e-01
6.992187500000000000e-01
3.417968750000000000e-01
7.480468750000000000e-01
3.964843750000000000e-01
7.841796875000000000e-01
4.501953125000000000e-01
8.095703125000000000e-01
5.019531250000000000e-01
8.203125000000000000e-01
5.595703125000000000e-01
8.095703125000000000e-01
6.142578125000000000e-01
7.802734375000000000e-01
6.708984375000000000e-01
7.451171875000000000e-01
7.177734375000000000e-01
7.001953125000000000e-01
7.480468750000000000e-01
6.406250000000000000e-01
7.714843750000000000e-01
5.751953125000000000e-01
7.919921875000000000e-01
5.078125000000000000e-01
8.066406250000000000e-01
4.326171875000000000e-01
