1.845703125000000000e-01
4.794921875000000000e-01
1.904296875000000000e-01
5.566406250000000000e-01
2.031250000000000000e-01
6.337890625000000000e-01
2.207031250000000000e-01
7.089843750000000000e-01
2.519531250000000000e-01
7.783203125000000000e-01
3.037109375000000000e-01
8.388671875000000000e-01
3.623046875000000000e-01
8.896484375000000000e-01
4.277343750000000000e-01
9.267578125000000000e-01
4.970703125000000000e-01
9.375000000000000000e-01
5.625000000000000000e-01
9.189453125000000000e-01
6.171875000000000000e-01
8.720703125000000000e-01
6.679687500000000000e-01
8.183593750000000000e-01
7.070312500000000000e-01
7.597656250000000000e-01
7.285156250000000000e-01
6.894531250000000000e-01
7.412109375000000000e-01
6.201171875000000000e-01
7.509765625000000000e-01
5.517578125000000000e-01
7.500000000000000000e-01
4.843750000000000000e-01
