2.470703125000000000e-01
4.638671875000000000e-01
2.480468750000000000e-01
5.371093750000000000e-01
2.578125000000000000e-01
6.103515625000000000e-01
2.685546875000000000e-01
6.835937500000000000e-01
2.919921875000000000e-01
7.539062500000000000e-01
3.310546875000000000e-01
8.154296875000000000e-01
3.789062500000000000e-01
8.691406250000000000e-01
4.326171875000000000e-01
9.160156250000000000e-01
4.970703125000000000e-01
9.316406250000000000e-01
5.654296875000000000e-01
9.169921875000000000e-01
6.337890625000000000e-01
8.759765625000000000e-01
6.972656250000000000e-01
8.281250000000000000e-01
7.509765625000000000e-01
7.724609375000000000e-01
7.851562500000000000e-01
7.060546875000000000e-01
7.988281250000000000e-01
6.337890625000000000e-01
8.046875000000000000e-01
5.585937500000000000e-01
8.056640625000000000e-01
4.814453125000000000e-01
