1.982421875000000000e-01
4.980468750000000000e-01
2.041015625000000000e-01
5.683593750000000000e-01
2.158203125000000000e-01
6.396484375000000000e-01
2.285156250000000000e-01
7.099609375000000000e-01
2.539062500000000000e-01
7.763671875000000000e-01
2.998046875000000000e-01
8.310546875000000000e-01
3.593750000000000000e-01
8.720703125000000000e-01
4.277343750000000000e-01
9.013671875000000000e-01
5.009765625000000000e-01
9.101562500000000000e-01
5.693359375000000000e-01
8.994140625000000000e-01
6.250000000000000000e-01
8.652343750000000000e-01
6.728515625000000000e-01
8.193359375000000000e-01
7.060546875000000000e-01
7.636718750000000000e-01
7.236328125000000000e-01
6.972656250000000000e-01
7.353515625000000000e-01
6.308593750000000000e-01
7.451171875000000000e-01
5.644531250000000000e-01
7.460937500000000000e-01
4.970703125000000000e-01
