1.972656250000000000e-01
4.667968750000000000e-01
2.080078125000000000e-01
5.429687500000000000e-01
2.216796875000000000e-01
6.152343750000000000e-01
2.353515625000000000e-01
6.865234375000000000e-01
2.636718750000000000e-01
7.519531250000000000e-01
3.134765625000000000e-01
8.037109375000000000e-01
3.759765625000000000e-01
8.457031250000000000e-01
4.404296875000000000e-01
8.818359375000000000e-01
5.058593750000000000e-01
8.935546875000000000e-01
5.722656250000000000e-01
8.808593750000000000e-01
6.337890625000000000e-01
8.417968750000000000e-01
6.962890625000000000e-01
7.988281250000000000e-01
7.412109375000000000e-01
7.460937500000000000e-01
7.646484375000000000e-01
6.777343750000000000e-01
7.744140625000000000e-01
6.064453125000000000e-01
7.841796875000000000e-01
5.361328125000000000e-01
7.890625000000000000e-01
4.638671875000000000e-01
