2.519531250000000000e-01
5.234375000000000000e-01
2.451171875000000000e-01
5.859375000000000000e-01
2.490234375000000000e-01
6.445312500000000000e-01
2.607421875000000000e-01
7.050781250000000000e-01
2.822265625000000000e-01
7.705078125000000000e-01
3.154296875000000000e-01
8.300781250000000000e-01
3.583984375000000000e-01
8.818359375000000000e-01
4.140625000000000000e-01
9.296875000000000000e-01
4.755859375000000000e-01
9.521484375000000000e-01
5.439453125000000000e-01
9.482421875000000000e-01
6.152343750000000000e-01
9.140625000000000000e-01
6.796875000000000000e-01
8.691406250000000000e-01
7.333984375000000000e-01
8.105468750000000000e-01
7.705078125000000000e-01
7.392578125000000000e-01
7.900390625000000000e-01
6.591796875000000000e-01
8.037109375000000000e-01
5.810546875000000000e-01
8.076171875000000000e-01
5.019531250000000000e-01
