2.373046875000000000e-01
4.765625000000000000e-01
2.451171875000000000e-01
5.468750000000000000e-01
2.578125000000000000e-01
6.123046875000000000e-01
2.744140625000000000e-01
6.757812500000000000e-01
2.988281250000000000e-01
7.324218750000000000e-01
3.398437500000000000e-01
7.763671875000000000e-01
3.935546875000000000e-01
8.037109375000000000e-01
4.414062500000000000e-01
8.242187500000000000e-01
4.912109375000000000e-01
8.310546875000000000e-01
5.390625000000000000e-01
8.203125000000000000e-01
5.888671875000000000e-01
7.949218750000000000e-01
6.494140625000000000e-01
7.675781250000000000e-01
7.021484375000000000e-01
7.294921875000000000e-01
7.353515625000000000e-01
6.718750000000000000e-01
7.539062500000000000e-01
6.054687500000000000e-01
7.685546875000000000e-01
5.371093750000000000e-01
7.792968750000000000e-01
4.667968750000000000e-01
