1.689453125000000000e-01
4.863281250000000000e-01
1.806640625000000000e-01
5.703125000000000000e-01
1.962890625000000000e-01
6.513671875000000000e-01
2.167968750000000000e-01
7.255859375000000000e-01
2.568359375000000000e-01
7.890625000000000000e-01
3.164062500000000000e-01
8.417968750000000000e-01
3.828125000000000000e-01
8.828125000000000000e-01
4.521484375000000000e-01
9.160156250000000000e-01
5.175781250000000000e-01
9.238281250000000000e-01
5.751953125000000000e-01
9.042968750000000000e-01
6.220703125000000000e-01
8.564453125000000000e-01
6.660156250000000000e-01
8.046875000000000000e-01
7.041015625000000000e-01
7.470703125000000000e-01
7.275390625000000000e-01
6.826171875000000000e-01
7.373046875000000000e-01
6.132812500000000000e-01
7.402343750000000000e-01
5.458984375000000000e-01
7.421875000000000000e-01
4.746093750000000000e-01
