1.992187500000000000e-01
4.677734375000000000e-01
2.031250000000000000e-01
5.429687500000000000e-01
2.138671875000000000e-01
6.162109375000000000e-01
2.275390625000000000e-01
6.904296875000000000e-01
2.509765625000000000e-01
7.607421875000000000e-01
2.949218750000000000e-01
8.242187500000000000e-01
3.535156250000000000e-01
8.769531250000000000e-01
4.238281250000000000e-01
9.130859375000000000e-01
5.009765625000000000e-01
9.218750000000000000e-01
5.732421875000000000e-01
9.062500000000000000e-01
6.347656250000000000e-01
8.642578125000000000e-01
6.855468750000000000e-01
8.115234375000000000e-01
7.216796875000000000e-01
7.490234375000000000e-01
7.421875000000000000e-01
6.787109375000000000e-01
7.558593750000000000e-01
6.103515625000000000e-01
7.646484375000000000e-01
5.410156250000000000e-01
7.666015625000000000e-01
4.707031250000000000e-01
