2.548828125000000000e-01
4.296875000000000000e-01
2.617187500000000000e-01
4.990234375000000000e-01
2.783203125000000000e-01
5.664062500000000000e-01
2.968750000000000000e-01
6.347656250000000000e-01
3.212890625000000000e-01
7.001953125000000000e-01
3.613281250000000000e-01
7.597656250000000000e-01
4.062500000000000000e-01
8.144531250000000000e-01
4.550781250000000000e-01
8.623046875000000000e-01
5.117187500000000000e-01
8.798828125000000000e-01
5.732421875000000000e-01
8.710937500000000000e-01
6.357421875000000000e-01
8.339843750000000000e-01
6.933593750000000000e-01
7.841796875000000000e-01
7.431640625000000000e-01
7.255859375000000000e-01
7.783203125000000000e-01
6.562500000000000000e-01
7.988281250000000000e-01
5.791015625000000000e-01
8.115234375000000000e-01
4.970703125000000000e-01
8.164062500000000000e-01
4.150390625000000000e-01
