2.392578125000000000e-01
4.746093750000000000e-01
2.392578125000000000e-01
5.468750000000000000e-01
2.412109375000000000e-01
6.191406250000000000e-01
2.509765625000000000e-01
6.914062500000000000e-01
2.773437500000000000e-01
7.578125000000000000e-01
3.212890625000000000e-01
8.173828125000000000e-01
3.730468750000000000e-01
8.730468750000000000e-01
4.316406250000000000e-01
9.228515625000000000e-01
5.000000000000000000e-01
9.384765625000000000e-01
5.722656250000000000e-01
9.277343750000000000e-01
6.376953125000000000e-01
8.857421875000000000e-01
6.943359375000000000e-01
8.330078125000000000e-01
7.412109375000000000e-01
7.724609375000000000e-01
7.695312500000000000e-01
7.031250000000000000e-01
7.851562500000000000e-01
6.289062500000000000e-01
7.958984375000000000e-01
5.537109375000000000e-01
8.027343750000000000e-01
4.765625000000000000e-01
