1.904296875000000000e-01
4.414062500000000000e-01
2.031250000000000000e-01
5.175781250000000000e-01
2.197265625000000000e-01
5.898437500000000000e-01
2.324218750000000000e-01
6.621093750000000000e-01
2.617187500000000000e-01
7.255859375000000000e-01
3.144531250000000000e-01
7.734375000000000000e-01
3.759765625000000000e-01
8.095703125000000000e-01
4.384765625000000000e-01
8.408203125000000000e-01
4.990234375000000000e-01
8.457031250000000000e-01
5.576171875000000000e-01
8.349609375000000000e-01
6.142578125000000000e-01
8.007812500000000000e-01
6.689453125000000000e-01
7.666015625000000000e-01
7.167968750000000000e-01
7.216796875000000000e-01
7.421875000000000000e-01
6.621093750000000000e-01
7.529296875000000000e-01
5.927734375000000000e-01
7.666015625000000000e-01
5.253906250000000000e-01
7.773437500000000000e-01
4.531250000000000000e-01
