2.041015625000000000e-01
4.550781250000000000e-01
2.148437500000000000e-01
5.322265625000000000e-01
2.343750000000000000e-01
6.054687500000000000e-01
2.548828125000000000e-01
6.757812500000000000e-01
2.861328125000000000e-01
7.402343750000000000e-01
3.310546875000000000e-01
7.958984375000000000e-01
3.818359375000000000e-01
8.417968750000000000e-01
4.394531250000000000e-01
8.779296875000000000e-01
4.980468750000000000e-01
8.867187500000000000e-01
5.546875000000000000e-01
8.720703125000000000e-01
6.054687500000000000e-01
8.320312500000000000e-01
6.542968750000000000e-01
7.861328125000000000e-01
6.962890625000000000e-01
7.314453125000000000e-01
7.236328125000000000e-01
6.679687500000000000e-01
7.412109375000000000e-01
5.986328125000000000e-01
7.568359375000000000e-01
5.273437500000000000e-01
7.685546875000000000e-01
4.560546875000000000e-01
