2.841796875000000000e-01
5.048828125000000000e-01
2.773437500000000000e-01
5.683593750000000000e-01
2.832031250000000000e-01
6.347656250000000000e-01
2.939453125000000000e-01
7.041015625000000000e-01
3.046875000000000000e-01
7.753906250000000000e-01
3.261718750000000000e-01
8.408203125000000000e-01
3.593750000000000000e-01
9.003906250000000000e-01
4.072265625000000000e-01
9.443359375000000000e-01
4.755859375000000000e-01
9.570312500000000000e-01
5.585937500000000000e-01
9.472656250000000000e-01
6.396484375000000000e-01
9.140625000000000000e-01
7.138671875000000000e-01
8.691406250000000000e-01
7.734375000000000000e-01
8.134765625000000000e-01
8.085937500000000000e-01
7.412109375000000000e-01
8.261718750000000000e-01
6.630859375000000000e-01
8.369140625000000000e-01
5.820312500000000000e-01
8.457031250000000000e-01
5.029296875000000000e-01
