1.914062500000000000e-01
4.882812500000000000e-01
2.001953125000000000e-01
5.585937500000000000e-01
2.119140625000000000e-01
6.279296875000000000e-01
2.275390625000000000e-01
6.982421875000000000e-01
2.548828125000000000e-01
7.666015625000000000e-01
3.017578125000000000e-01
8.222656250000000000e-01
3.613281250000000000e-01
8.691406250000000000e-01
4.296875000000000000e-01
9.023437500000000000e-01
5.019531250000000000e-01
9.072265625000000000e-01
5.683593750000000000e-01
8.906250000000000000e-01
6.279296875000000000e-01
8.476562500000000000e-01
6.806640625000000000e-01
7.978515625000000000e-01
7.207031250000000000e-01
7.421875000000000000e-01
7.373046875000000000e-01
6.777343750000000000e-01
7.451171875000000000e-01
6.093750000000000000e-01
7.509765625000000000e-01
5.439453125000000000e-01
7.529296875000000000e-01
4.794921875000000000e-01
