2.177734375000000000e-01
4.960937500000000000e-01
2.246093750000000000e-01
5.693359375000000000e-01
2.343750000000000000e-01
6.416015625000000000e-01
2.451171875000000000e-01
7.138671875000000000e-01
2.734375000000000000e-01
7.773437500000000000e-01
3.203125000000000000e-01
8.291015625000000000e-01
3.769531250000000000e-01
8.701171875000000000e-01
4.384765625000000000e-01
9.052734375000000000e-01
5.048828125000000000e-01
9.130859375000000000e-01
5.722656250000000000e-01
8.994140625000000000e-01
6.347656250000000000e-01
8.623046875000000000e-01
6.933593750000000000e-01
8.222656250000000000e-01
7.392578125000000000e-01
7.714843750000000000e-01
7.636718750000000000e-01
7.089843750000000000e-01
7.734375000000000000e-01
6.386718750000000000e-01
7.802734375000000000e-01
5.722656250000000000e-01
7.841796875000000000e-01
5.019531250000000000e-01
