2.343750000000000000e-01
4.775390625000000000e-01
2.353515625000000000e-01
5.478515625000000000e-01
2.451171875000000000e-01
6.181640625000000000e-01
2.568359375000000000e-01
6.865234375000000000e-01
2.812500000000000000e-01
7.529296875000000000e-01
3.232421875000000000e-01
8.105468750000000000e-01
3.769531250000000000e-01
8.593750000000000000e-01
4.384765625000000000e-01
8.994140625000000000e-01
5.029296875000000000e-01
9.111328125000000000e-01
5.673828125000000000e-01
8.955078125000000000e-01
6.269531250000000000e-01
8.564453125000000000e-01
6.806640625000000000e-01
8.085937500000000000e-01
7.207031250000000000e-01
7.529296875000000000e-01
7.412109375000000000e-01
6.884765625000000000e-01
7.509765625000000000e-01
6.210937500000000000e-01
7.587890625000000000e-01
5.546875000000000000e-01
7.568359375000000000e-01
4.863281250000000000e-01
