2.080078125000000000e-01
4.570312500000000000e-01
2.167968750000000000e-01
5.322265625000000000e-01
2.324218750000000000e-01
6.054687500000000000e-01
2.500000000000000000e-01
6.757812500000000000e-01
2.802734375000000000e-01
7.402343750000000000e-01
3.251953125000000000e-01
7.910156250000000000e-01
3.818359375000000000e-01
8.291015625000000000e-01
4.414062500000000000e-01
8.613281250000000000e-01
5.009765625000000000e-01
8.710937500000000000e-01
5.605468750000000000e-01
8.603515625000000000e-01
6.191406250000000000e-01
8.281250000000000000e-01
6.777343750000000000e-01
7.890625000000000000e-01
7.246093750000000000e-01
7.373046875000000000e-01
7.529296875000000000e-01
6.748046875000000000e-01
7.666015625000000000e-01
6.054687500000000000e-01
7.792968750000000000e-01
5.341796875000000000e-01
7.900390625000000000e-01
4.599609375000000000e-01
