2.080078125000000000e-01
5.029296875000000000e-01
2.080078125000000000e-01
5.732421875000000000e-01
2.119140625000000000e-01
6.445312500000000000e-01
2.255859375000000000e-01
7.138671875000000000e-01
2.548828125000000000e-01
7.792968750000000000e-01
2.978515625000000000e-01
8.349609375000000000e-01
3.583984375000000000e-01
8.789062500000000000e-01
4.257812500000000000e-01
9.111328125000000000e-01
4.970703125000000000e-01
9.189453125000000000e-01
5.664062500000000000e-01
9.082031250000000000e-01
6.220703125000000000e-01
8.769531250000000000e-01
6.748046875000000000e-01
8.359375000000000000e-01
7.109375000000000000e-01
7.802734375000000000e-01
7.314453125000000000e-01
7.148437500000000000e-01
7.441406250000000000e-01
6.474609375000000000e-01
7.509765625000000000e-01
5.800781250000000000e-01
7.500000000000000000e-01
5.126953125000000000e-01
