2.060546875000000000e-01
4.443359375000000000e-01
2.128906250000000000e-01
5.263671875000000000e-01
2.265625000000000000e-01
6.074218750000000000e-01
2.412109375000000000e-01
6.855468750000000000e-01
2.724609375000000000e-01
7.558593750000000000e-01
3.193359375000000000e-01
8.164062500000000000e-01
3.759765625000000000e-01
8.691406250000000000e-01
4.384765625000000000e-01
9.091796875000000000e-01
5.078125000000000000e-01
9.169921875000000000e-01
5.722656250000000000e-01
8.974609375000000000e-01
6.269531250000000000e-01
8.505859375000000000e-01
6.767578125000000000e-01
7.978515625000000000e-01
7.148437500000000000e-01
7.382812500000000000e-01
7.353515625000000000e-01
6.699218750000000000e-01
7.490234375000000000e-01
5.986328125000000000e-01
7.626953125000000000e-01
5.253906250000000000e-01
7.685546875000000000e-01
4.472656250000000000e-01
