1.953125000000000000e-01
4.941406250000000000e-01
2.050781250000000000e-01
5.673828125000000000e-01
2.177734375000000000e-01
6.386718750000000000e-01
2.314453125000000000e-01
7.089843750000000000e-01
2.587890625000000000e-01
7.734375000000000000e-01
3.076171875000000000e-01
8.242187500000000000e-01
3.720703125000000000e-01
8.632812500000000000e-01
4.404296875000000000e-01
8.906250000000000000e-01
5.068359375000000000e-01
8.974609375000000000e-01
5.722656250000000000e-01
8.867187500000000000e-01
6.318359375000000000e-01
8.525390625000000000e-01
6.875000000000000000e-01
8.085937500000000000e-01
7.265625000000000000e-01
7.558593750000000000e-01
7.490234375000000000e-01
6.884765625000000000e-01
7.617187500000000000e-01
6.201171875000000000e-01
7.724609375000000000e-01
5.527343750000000000e-01
7.773437500000000000e-01
4.824218750000000000e-01
