2.324218750000000000e-01
4.550781250000000000e-01
2.392578125000000000e-01
5.302734375000000000e-01
2.539062500000000000e-01
6.044921875000000000e-01
2.685546875000000000e-01
6.748046875000000000e-01
2.958984375000000000e-01
7.402343750000000000e-01
3.408203125000000000e-01
7.968750000000000000e-01
3.916015625000000000e-01
8.447265625000000000e-01
4.482421875000000000e-01
8.847656250000000000e-01
5.117187500000000000e-01
8.945312500000000000e-01
5.693359375000000000e-01
8.769531250000000000e-01
6.191406250000000000e-01
8.330078125000000000e-01
6.660156250000000000e-01
7.861328125000000000e-01
7.089843750000000000e-01
7.353515625000000000e-01
7.353515625000000000e-01
6.767578125000000000e-01
7.460937500000000000e-01
6.123046875000000000e-01
7.529296875000000000e-01
5.478515625000000000e-01
7.578125000000000000e-01
4.794921875000000000e-01
