2.363281250000000000e-01
4.990234375000000000e-01
2.421875000000000000e-01
5.664062500000000000e-01
2.529296875000000000e-01
6.347656250000000000e-01
2.626953125000000000e-01
7.021484375000000000e-01
2.802734375000000000e-01
7.675781250000000000e-01
3.164062500000000000e-01
8.251953125000000000e-01
3.671875000000000000e-01
8.750000000000000000e-01
4.238281250000000000e-01
9.199218750000000000e-01
4.951171875000000000e-01
9.335937500000000000e-01
5.683593750000000000e-01
9.238281250000000000e-01
6.328125000000000000e-01
8.828125000000000000e-01
6.904296875000000000e-01
8.320312500000000000e-01
7.363281250000000000e-01
7.744140625000000000e-01
7.617187500000000000e-01
7.060546875000000000e-01
7.744140625000000000e-01
6.347656250000000000e-01
7.871093750000000000e-01
5.634765625000000000e-01
7.939453125000000000e-01
4.892578125000000000e-01
