2.421875000000000000e-01
4.863281250000000000e-01
2.412109375000000000e-01
5.537109375000000000e-01
2.441406250000000000e-01
6.210937500000000000e-01
2.519531250000000000e-01
6.894531250000000000e-01
2.724609375000000000e-01
7.519531250000000000e-01
3.125000000000000000e-01
8.056640625000000000e-01
3.642578125000000000e-01
8.515625000000000000e-01
4.218750000000000000e-01
8.906250000000000000e-01
4.941406250000000000e-01
9.033203125000000000e-01
5.693359375000000000e-01
8.974609375000000000e-01
6.406250000000000000e-01
8.671875000000000000e-01
7.070312500000000000e-01
8.251953125000000000e-01
7.587890625000000000e-01
7.705078125000000000e-01
7.910156250000000000e-01
7.041015625000000000e-01
8.066406250000000000e-01
6.298828125000000000e-01
8.173828125000000000e-01
5.585937500000000000e-01
8.242187500000000000e-01
4.814453125000000000e-01
