1.806640625000000000e-01
4.931640625000000000e-01
1.816406250000000000e-01
5.693359375000000000e-01
1.816406250000000000e-01
6.474609375000000000e-01
1.943359375000000000e-01
7.255859375000000000e-01
2.304687500000000000e-01
7.968750000000000000e-01
2.871093750000000000e-01
8.574218750000000000e-01
3.515625000000000000e-01
9.111328125000000000e-01
4.267578125000000000e-01
9.492187500000000000e-01
5.058593750000000000e-01
9.560546875000000000e-01
5.781250000000000000e-01
9.375000000000000000e-01
6.357421875000000000e-01
8.828125000000000000e-01
6.806640625000000000e-01
8.242187500000000000e-01
7.197265625000000000e-01
7.626953125000000000e-01
7.412109375000000000e-01
6.933593750000000000e-01
7.509765625000000000e-01
6.220703125000000000e-01
7.539062500000000000e-01
5.517578125000000000e-01
7.460937500000000000e-01
4.863281250000000000e-01
