2.226562500000000000e-01
4.892578125000000000e-01
2.255859375000000000e-01
5.625000000000000000e-01
2.363281250000000000e-01
6.386718750000000000e-01
2.490234375000000000e-01
7.119140625000000000e-01
2.753906250000000000e-01
7.802734375000000000e-01
3.203125000000000000e-01
8.388671875000000000e-01
3.759765625000000000e-01
8.886718750000000000e-01
4.384765625000000000e-01
9.267578125000000000e-01
5.078125000000000000e-01
9.375000000000000000e-01
5.751953125000000000e-01
9.218750000000000000e-01
6.376953125000000000e-01
8.837890625000000000e-01
6.933593750000000000e-01
8.369140625000000000e-01
7.382812500000000000e-01
7.832031250000000000e-01
7.646484375000000000e-01
7.197265625000000000e-01
7.744140625000000000e-01
6.484375000000000000e-01
7.792968750000000000e-01
5.771484375000000000e-01
7.773437500000000000e-01
5.058593750000000000e-01
