1.914062500000000000e-01
4.765625000000000000e-01
1.962890625000000000e-01
5.537109375000000000e-01
2.021484375000000000e-01
6.298828125000000000e-01
2.167968750000000000e-01
7.060546875000000000e-01
2.421875000000000000e-01
7.773437500000000000e-01
2.910156250000000000e-01
8.388671875000000000e-01
3.505859375000000000e-01
8.906250000000000000e-01
4.208984375000000000e-01
9.316406250000000000e-01
4.990234375000000000e-01
9.443359375000000000e-01
5.761718750000000000e-01
9.296875000000000000e-01
6.396484375000000000e-01
8.837890625000000000e-01
6.923828125000000000e-01
8.291015625000000000e-01
7.353515625000000000e-01
7.666015625000000000e-01
7.587890625000000000e-01
6.972656250000000000e-01
7.705078125000000000e-01
6.220703125000000000e-01
7.744140625000000000e-01
5.498046875000000000e-01
7.753906250000000000e-01
4.775390625000000000e-01
