1.552734375000000000e-01
4.892578125000000000e-01
1.689453125000000000e-01
5.703125000000000000e-01
1.875000000000000000e-01
6.513671875000000000e-01
2.128906250000000000e-01
7.275390625000000000e-01
2.529296875000000000e-01
7.910156250000000000e-01
3.037109375000000000e-01
8.388671875000000000e-01
3.662109375000000000e-01
8.730468750000000000e-01
4.296875000000000000e-01
8.945312500000000000e-01
4.853515625000000000e-01
9.042968750000000000e-01
5.380859375000000000e-01
8.955078125000000000e-01
5.908203125000000000e-01
8.632812500000000000e-01
6.425781250000000000e-01
8.203125000000000000e-01
6.875000000000000000e-01
7.666015625000000000e-01
7.246093750000000000e-01
7.031250000000000000e-01
7.470703125000000000e-01
6.337890625000000000e-01
7.587890625000000000e-01
5.585937500000000000e-01
7.666015625000000000e-01
4.853515625000000000e-01
