1.982421875000000000e-01
5.380859375000000000e-01
2.011718750000000000e-01
6.054687500000000000e-01
2.080078125000000000e-01
6.757812500000000000e-01
2.226562500000000000e-01
7.441406250000000000e-01
2.500000000000000000e-01
8.095703125000000000e-01
2.988281250000000000e-01
8.632812500000000000e-01
3.623046875000000000e-01
9.052734375000000000e-01
4.335937500000000000e-01
9.355468750000000000e-01
5.126953125000000000e-01
9.453125000000000000e-01
5.898437500000000000e-01
9.345703125000000000e-01
6.494140625000000000e-01
8.935546875000000000e-01
6.992187500000000000e-01
8.447265625000000000e-01
7.363281250000000000e-01
7.880859375000000000e-01
7.568359375000000000e-01
7.236328125000000000e-01
7.646484375000000000e-01
6.552734375000000000e-01
7.666015625000000000e-01
5.917968750000000000e-01
7.617187500000000000e-01
5.302734375000000000e-01
