1.845703125000000000e-01
4.716796875000000000e-01
1.865234375000000000e-01
5.478515625000000000e-01
1.914062500000000000e-01
6.259765625000000000e-01
2.050781250000000000e-01
6.992187500000000000e-01
2.353515625000000000e-01
7.705078125000000000e-01
2.832031250000000000e-01
8.300781250000000000e-01
3.466796875000000000e-01
8.779296875000000000e-01
4.189453125000000000e-01
9.130859375000000000e-01
4.921875000000000000e-01
9.277343750000000000e-01
5.625000000000000000e-01
9.169921875000000000e-01
6.259765625000000000e-01
8.798828125000000000e-01
6.787109375000000000e-01
8.281250000000000000e-01
7.187500000000000000e-01
7.675781250000000000e-01
7.412109375000000000e-01
6.953125000000000000e-01
7.548828125000000000e-01
6.220703125000000000e-01
7.626953125000000000e-01
5.488281250000000000e-01
7.646484375000000000e-01
4.746093750000000000e-01
