2.470703125000000000e-01
4.384765625000000000e-01
2.568359375000000000e-01
5.117187500000000000e-01
2.714843750000000000e-01
5.791015625000000000e-01
2.822265625000000000e-01
6.474609375000000000e-01
3.056640625000000000e-01
7.099609375000000000e-01
3.466796875000000000e-01
7.646484375000000000e-01
3.945312500000000000e-01
8.125000000000000000e-01
4.443359375000000000e-01
8.583984375000000000e-01
5.029296875000000000e-01
8.740234375000000000e-01
5.654296875000000000e-01
8.652343750000000000e-01
6.259765625000000000e-01
8.261718750000000000e-01
6.835937500000000000e-01
7.822265625000000000e-01
7.353515625000000000e-01
7.285156250000000000e-01
7.666015625000000000e-01
6.630859375000000000e-01
7.841796875000000000e-01
5.898437500000000000e-01
8.007812500000000000e-01
5.146484375000000000e-01
8.125000000000000000e-01
4.335937500000000000e-01
