2.119140625000000000e-01
4.814453125000000000e-01
2.177734375000000000e-01
5.566406250000000000e-01
2.255859375000000000e-01
6.328125000000000000e-01
2.343750000000000000e-01
7.109375000000000000e-01
2.587890625000000000e-01
7.822265625000000000e-01
3.017578125000000000e-01
8.427734375000000000e-01
3.564453125000000000e-01
8.935546875000000000e-01
4.208984375000000000e-01
9.384765625000000000e-01
4.980468750000000000e-01
9.521484375000000000e-01
5.751953125000000000e-01
9.394531250000000000e-01
6.445312500000000000e-01
8.994140625000000000e-01
7.041015625000000000e-01
8.466796875000000000e-01
7.539062500000000000e-01
7.880859375000000000e-01
7.802734375000000000e-01
7.158203125000000000e-01
7.929687500000000000e-01
6.376953125000000000e-01
8.007812500000000000e-01
5.595703125000000000e-01
8.056640625000000000e-01
4.804687500000000000e-01
