2.558593750000000000e-01
4.687500000000000000e-01
2.548828125000000000e-01
5.380859375000000000e-01
2.646484375000000000e-01
6.093750000000000000e-01
2.763671875000000000e-01
6.787109375000000000e-01
2.958984375000000000e-01
7.441406250000000000e-01
3.310546875000000000e-01
8.027343750000000000e-01
3.759765625000000000e-01
8.535156250000000000e-01
4.277343750000000000e-01
8.955078125000000000e-01
4.921875000000000000e-01
9.130859375000000000e-01
5.576171875000000000e-01
9.091796875000000000e-01
6.210937500000000000e-01
8.779296875000000000e-01
6.777343750000000000e-01
8.310546875000000000e-01
7.255859375000000000e-01
7.753906250000000000e-01
7.548828125000000000e-01
7.070312500000000000e-01
7.744140625000000000e-01
6.308593750000000000e-01
7.871093750000000000e-01
5.537109375000000000e-01
7.880859375000000000e-01
4.746093750000000000e-01
