2.089843750000000000e-01
4.375000000000000000e-01
2.177734375000000000e-01
5.224609375000000000e-01
2.363281250000000000e-01
6.005859375000000000e-01
2.558593750000000000e-01
6.757812500000000000e-01
2.871093750000000000e-01
7.451171875000000000e-01
3.339843750000000000e-01
8.037109375000000000e-01
3.818359375000000000e-01
8.574218750000000000e-01
4.345703125000000000e-01
9.033203125000000000e-01
4.960937500000000000e-01
9.130859375000000000e-01
5.566406250000000000e-01
8.964843750000000000e-01
6.054687500000000000e-01
8.447265625000000000e-01
6.523437500000000000e-01
7.910156250000000000e-01
6.972656250000000000e-01
7.353515625000000000e-01
7.246093750000000000e-01
6.689453125000000000e-01
7.412109375000000000e-01
5.966796875000000000e-01
7.568359375000000000e-01
5.224609375000000000e-01
7.636718750000000000e-01
4.423828125000000000e-01
