1.640625000000000000e-01
3.427734375000000000e-01
1.728515625000000000e-01
4.287109375000000000e-01
1.884765625000000000e-01
5.107421875000000000e-01
2.080078125000000000e-01
5.869140625000000000e-01
2.451171875000000000e-01
6.533203125000000000e-01
2.998046875000000000e-01
7.080078125000000000e-01
3.593750000000000000e-01
7.509765625000000000e-01
4.150390625000000000e-01
7.910156250000000000e-01
4.755859375000000000e-01
8.007812500000000000e-01
5.292968750000000000e-01
7.841796875000000000e-01
5.712890625000000000e-01
7.402343750000000000e-01
6.210937500000000000e-01
7.001953125000000000e-01
6.718750000000000000e-01
6.542968750000000000e-01
7.060546875000000000e-01
5.966796875000000000e-01
7.265625000000000000e-01
5.292968750000000000e-01
7.402343750000000000e-01
4.609375000000000000e-01
7.490234375000000000e-01
3.857421875000000000e-01
