2.089843750000000000e-01
4.433593750000000000e-01
2.138671875000000000e-01
5.205078125000000000e-01
2.285156250000000000e-01
5.947265625000000000e-01
2.421875000000000000e-01
6.669921875000000000e-01
2.626953125000000000e-01
7.382812500000000000e-01
3.037109375000000000e-01
7.978515625000000000e-01
3.583984375000000000e-01
8.476562500000000000e-01
4.238281250000000000e-01
8.867187500000000000e-01
4.980468750000000000e-01
8.994140625000000000e-01
5.693359375000000000e-01
8.857421875000000000e-01
6.289062500000000000e-01
8.437500000000000000e-01
6.816406250000000000e-01
7.919921875000000000e-01
7.197265625000000000e-01
7.314453125000000000e-01
7.402343750000000000e-01
6.621093750000000000e-01
7.509765625000000000e-01
5.908203125000000000e-01
7.617187500000000000e-01
5.185546875000000000e-01
7.666015625000000000e-01
4.462890625000000000e-01
