2.216796875000000000e-01
4.628906250000000000e-01
2.246093750000000000e-01
5.361328125000000000e-01
2.333984375000000000e-01
6.093750000000000000e-01
2.441406250000000000e-01
6.816406250000000000e-01
2.714843750000000000e-01
7.529296875000000000e-01
3.164062500000000000e-01
8.134765625000000000e-01
3.691406250000000000e-01
8.681640625000000000e-01
4.326171875000000000e-01
9.111328125000000000e-01
5.019531250000000000e-01
9.248046875000000000e-01
5.673828125000000000e-01
9.121093750000000000e-01
6.250000000000000000e-01
8.691406250000000000e-01
6.757812500000000000e-01
8.173828125000000000e-01
7.187500000000000000e-01
7.558593750000000000e-01
7.460937500000000000e-01
6.835937500000000000e-01
7.578125000000000000e-01
6.103515625000000000e-01
7.666015625000000000e-01
5.371093750000000000e-01
7.724609375000000000e-01
4.638671875000000000e-01
