2.617187500000000000e-01
5.234375000000000000e-01
2.568359375000000000e-01
5.859375000000000000e-01
2.666015625000000000e-01
6.503906250000000000e-01
2.832031250000000000e-01
7.128906250000000000e-01
3.027343750000000000e-01
7.753906250000000000e-01
3.378906250000000000e-01
8.291015625000000000e-01
3.857421875000000000e-01
8.730468750000000000e-01
4.404296875000000000e-01
9.013671875000000000e-01
5.078125000000000000e-01
9.082031250000000000e-01
5.781250000000000000e-01
8.984375000000000000e-01
6.406250000000000000e-01
8.720703125000000000e-01
6.992187500000000000e-01
8.339843750000000000e-01
7.412109375000000000e-01
7.832031250000000000e-01
7.675781250000000000e-01
7.226562500000000000e-01
7.832031250000000000e-01
6.572265625000000000e-01
7.900390625000000000e-01
5.898437500000000000e-01
7.861328125000000000e-01
5.253906250000000000e-01
