2.099609375000000000e-01
4.833984375000000000e-01
2.119140625000000000e-01
5.595703125000000000e-01
2.197265625000000000e-01
6.328125000000000000e-01
2.294921875000000000e-01
7.070312500000000000e-01
2.519531250000000000e-01
7.792968750000000000e-01
2.929687500000000000e-01
8.437500000000000000e-01
3.496093750000000000e-01
8.984375000000000000e-01
4.208984375000000000e-01
9.384765625000000000e-01
5.000000000000000000e-01
9.521484375000000000e-01
5.761718750000000000e-01
9.355468750000000000e-01
6.435546875000000000e-01
8.935546875000000000e-01
7.001953125000000000e-01
8.408203125000000000e-01
7.451171875000000000e-01
7.792968750000000000e-01
7.724609375000000000e-01
7.099609375000000000e-01
7.841796875000000000e-01
6.347656250000000000e-01
7.919921875000000000e-01
5.595703125000000000e-01
7.939453125000000000e-01
4.843750000000000000e-01
