1.621093750000000000e-01
4.150390625000000000e-01
1.738281250000000000e-01
5.019531250000000000e-01
1.894531250000000000e-01
5.878906250000000000e-01
2.099609375000000000e-01
6.679687500000000000e-01
2.509765625000000000e-01
7.343750000000000000e-01
3.056640625000000000e-01
7.822265625000000000e-01
3.730468750000000000e-01
8.203125000000000000e-01
4.345703125000000000e-01
8.535156250000000000e-01
4.892578125000000000e-01
8.652343750000000000e-01
5.400390625000000000e-01
8.525390625000000000e-01
5.898437500000000000e-01
8.144531250000000000e-01
6.484375000000000000e-01
7.714843750000000000e-01
7.011718750000000000e-01
7.216796875000000000e-01
7.353515625000000000e-01
6.562500000000000000e-01
7.480468750000000000e-01
5.810546875000000000e-01
7.568359375000000000e-01
5.039062500000000000e-01
7.617187500000000000e-01
4.248046875000000000e-01
