2.587890625000000000e-01
4.794921875000000000e-01
2.558593750000000000e-01
5.478515625000000000e-01
2.666015625000000000e-01
6.142578125000000000e-01
2.812500000000000000e-01
6.787109375000000000e-01
2.988281250000000000e-01
7.451171875000000000e-01
3.320312500000000000e-01
8.017578125000000000e-01
3.779296875000000000e-01
8.515625000000000000e-01
4.345703125000000000e-01
8.876953125000000000e-01
4.980468750000000000e-01
8.984375000000000000e-01
5.634765625000000000e-01
8.896484375000000000e-01
6.289062500000000000e-01
8.583984375000000000e-01
6.855468750000000000e-01
8.125000000000000000e-01
7.275390625000000000e-01
7.568359375000000000e-01
7.509765625000000000e-01
6.904296875000000000e-01
7.636718750000000000e-01
6.210937500000000000e-01
7.773437500000000000e-01
5.498046875000000000e-01
7.822265625000000000e-01
4.794921875000000000e-01
