1.894531250000000000e-01
4.794921875000000000e-01
1.933593750000000000e-01
5.517578125000000000e-01
2.031250000000000000e-01
6.230468750000000000e-01
2.158203125000000000e-01
6.962890625000000000e-01
2.412109375000000000e-01
7.666015625000000000e-01
2.900390625000000000e-01
8.261718750000000000e-01
3.564453125000000000e-01
8.710937500000000000e-01
4.296875000000000000e-01
9.013671875000000000e-01
5.058593750000000000e-01
9.101562500000000000e-01
5.771484375000000000e-01
8.955078125000000000e-01
6.386718750000000000e-01
8.603515625000000000e-01
6.904296875000000000e-01
8.134765625000000000e-01
7.255859375000000000e-01
7.568359375000000000e-01
7.431640625000000000e-01
6.933593750000000000e-01
7.529296875000000000e-01
6.279296875000000000e-01
7.539062500000000000e-01
5.595703125000000000e-01
7.451171875000000000e-01
4.951171875000000000e-01
