2.529296875000000000e-01
4.687500000000000000e-01
2.480468750000000000e-01
5.341796875000000000e-01
2.500000000000000000e-01
6.005859375000000000e-01
2.607421875000000000e-01
6.669921875000000000e-01
2.832031250000000000e-01
7.324218750000000000e-01
3.203125000000000000e-01
7.919921875000000000e-01
3.701171875000000000e-01
8.447265625000000000e-01
4.267578125000000000e-01
8.925781250000000000e-01
4.921875000000000000e-01
9.130859375000000000e-01
5.654296875000000000e-01
9.042968750000000000e-01
6.416015625000000000e-01
8.701171875000000000e-01
7.128906250000000000e-01
8.261718750000000000e-01
7.695312500000000000e-01
7.695312500000000000e-01
8.056640625000000000e-01
7.041015625000000000e-01
8.232421875000000000e-01
6.308593750000000000e-01
8.291015625000000000e-01
5.566406250000000000e-01
8.300781250000000000e-01
4.804687500000000000e-01
