1.621093750000000000e-01
4.873046875000000000e-01
1.660156250000000000e-01
5.654296875000000000e-01
1.748046875000000000e-01
6.425781250000000000e-01
1.914062500000000000e-01
7.167968750000000000e-01
2.226562500000000000e-01
7.880859375000000000e-01
2.773437500000000000e-01
8.437500000000000000e-01
3.457031250000000000e-01
8.886718750000000000e-01
4.228515625000000000e-01
9.208984375000000000e-01
5.009765625000000000e-01
9.238281250000000000e-01
5.654296875000000000e-01
9.091796875000000000e-01
6.162109375000000000e-01
8.720703125000000000e-01
6.513671875000000000e-01
8.232421875000000000e-01
6.738281250000000000e-01
7.656250000000000000e-01
6.855468750000000000e-01
7.050781250000000000e-01
6.933593750000000000e-01
6.396484375000000000e-01
6.992187500000000000e-01
5.751953125000000000e-01
6.962890625000000000e-01
5.126953125000000000e-01
