2.109375000000000000e-01
4.843750000000000000e-01
2.187500000000000000e-01
5.585937500000000000e-01
2.324218750000000000e-01
6.298828125000000000e-01
2.480468750000000000e-01
6.992187500000000000e-01
2.783203125000000000e-01
7.626953125000000000e-01
3.261718750000000000e-01
8.144531250000000000e-01
3.818359375000000000e-01
8.574218750000000000e-01
4.404296875000000000e-01
8.906250000000000000e-01
5.009765625000000000e-01
9.003906250000000000e-01
5.615234375000000000e-01
8.867187500000000000e-01
6.210937500000000000e-01
8.505859375000000000e-01
6.777343750000000000e-01
8.066406250000000000e-01
7.236328125000000000e-01
7.548828125000000000e-01
7.539062500000000000e-01
6.904296875000000000e-01
7.685546875000000000e-01
6.210937500000000000e-01
7.802734375000000000e-01
5.527343750000000000e-01
7.880859375000000000e-01
4.794921875000000000e-01
