1.855468750000000000e-01
4.960937500000000000e-01
1.884765625000000000e-01
5.615234375000000000e-01
1.992187500000000000e-01
6.318359375000000000e-01
2.187500000000000000e-01
7.001953125000000000e-01
2.519531250000000000e-01
7.607421875000000000e-01
3.037109375000000000e-01
8.144531250000000000e-01
3.652343750000000000e-01
8.574218750000000000e-01
4.335937500000000000e-01
8.925781250000000000e-01
5.068359375000000000e-01
9.033203125000000000e-01
5.722656250000000000e-01
8.955078125000000000e-01
6.269531250000000000e-01
8.593750000000000000e-01
6.728515625000000000e-01
8.144531250000000000e-01
7.089843750000000000e-01
7.617187500000000000e-01
7.304687500000000000e-01
6.972656250000000000e-01
7.431640625000000000e-01
6.289062500000000000e-01
7.460937500000000000e-01
5.605468750000000000e-01
7.392578125000000000e-01
4.960937500000000000e-01
