1.845703125000000000e-01
4.833984375000000000e-01
1.894531250000000000e-01
5.664062500000000000e-01
2.001953125000000000e-01
6.513671875000000000e-01
2.128906250000000000e-01
7.343750000000000000e-01
2.451171875000000000e-01
8.115234375000000000e-01
2.998046875000000000e-01
8.750000000000000000e-01
3.613281250000000000e-01
9.277343750000000000e-01
4.326171875000000000e-01
9.707031250000000000e-01
5.048828125000000000e-01
9.853515625000000000e-01
5.761718750000000000e-01
9.658203125000000000e-01
6.416015625000000000e-01
9.199218750000000000e-01
6.992187500000000000e-01
8.662109375000000000e-01
7.460937500000000000e-01
8.076171875000000000e-01
7.763671875000000000e-01
7.382812500000000000e-01
7.880859375000000000e-01
6.601562500000000000e-01
7.900390625000000000e-01
5.839843750000000000e-01
7.851562500000000000e-01
5.068359375000000000e-01
