2.246093750000000000e-01
5.029296875000000000e-01
2.226562500000000000e-01
5.771484375000000000e-01
2.255859375000000000e-01
6.533203125000000000e-01
2.343750000000000000e-01
7.275390625000000000e-01
2.626953125000000000e-01
7.968750000000000000e-01
3.085937500000000000e-01
8.564453125000000000e-01
3.642578125000000000e-01
9.091796875000000000e-01
4.267578125000000000e-01
9.501953125000000000e-01
4.990234375000000000e-01
9.619140625000000000e-01
5.693359375000000000e-01
9.472656250000000000e-01
6.259765625000000000e-01
9.023437500000000000e-01
6.708984375000000000e-01
8.457031250000000000e-01
7.080078125000000000e-01
7.822265625000000000e-01
7.294921875000000000e-01
7.128906250000000000e-01
7.392578125000000000e-01
6.425781250000000000e-01
7.441406250000000000e-01
5.732421875000000000e-01
7.412109375000000000e-01
5.058593750000000000e-01
