2.158203125000000000e-01
4.873046875000000000e-01
2.236328125000000000e-01
5.605468750000000000e-01
2.373046875000000000e-01
6.308593750000000000e-01
2.509765625000000000e-01
6.992187500000000000e-01
2.773437500000000000e-01
7.617187500000000000e-01
3.193359375000000000e-01
8.134765625000000000e-01
3.720703125000000000e-01
8.574218750000000000e-01
4.316406250000000000e-01
8.925781250000000000e-01
4.941406250000000000e-01
9.042968750000000000e-01
5.566406250000000000e-01
8.925781250000000000e-01
6.171875000000000000e-01
8.564453125000000000e-01
6.728515625000000000e-01
8.125000000000000000e-01
7.177734375000000000e-01
7.626953125000000000e-01
7.470703125000000000e-01
7.001953125000000000e-01
7.617187500000000000e-01
6.298828125000000000e-01
7.734375000000000000e-01
5.615234375000000000e-01
7.812500000000000000e-01
4.912109375000000000e-01
