2.226562500000000000e-01
5.107421875000000000e-01
2.246093750000000000e-01
5.810546875000000000e-01
2.304687500000000000e-01
6.503906250000000000e-01
2.441406250000000000e-01
7.197265625000000000e-01
2.666015625000000000e-01
7.861328125000000000e-01
3.027343750000000000e-01
8.476562500000000000e-01
3.505859375000000000e-01
9.013671875000000000e-01
4.121093750000000000e-01
9.423828125000000000e-01
4.902343750000000000e-01
9.570312500000000000e-01
5.751953125000000000e-01
9.501953125000000000e-01
6.494140625000000000e-01
9.121093750000000000e-01
7.089843750000000000e-01
8.632812500000000000e-01
7.578125000000000000e-01
8.007812500000000000e-01
7.861328125000000000e-01
7.314453125000000000e-01
7.988281250000000000e-01
6.582031250000000000e-01
8.046875000000000000e-01
5.830078125000000000e-01
8.076171875000000000e-01
5.068359375000000000e-01
