2.148437500000000000e-01
5.019531250000000000e-01
2.197265625000000000e-01
5.683593750000000000e-01
2.294921875000000000e-01
6.386718750000000000e-01
2.431640625000000000e-01
7.070312500000000000e-01
2.714843750000000000e-01
7.705078125000000000e-01
3.203125000000000000e-01
8.251953125000000000e-01
3.759765625000000000e-01
8.720703125000000000e-01
4.394531250000000000e-01
9.072265625000000000e-01
5.097656250000000000e-01
9.130859375000000000e-01
5.781250000000000000e-01
8.945312500000000000e-01
6.328125000000000000e-01
8.476562500000000000e-01
6.796875000000000000e-01
7.958984375000000000e-01
7.167968750000000000e-01
7.412109375000000000e-01
7.353515625000000000e-01
6.787109375000000000e-01
7.431640625000000000e-01
6.152343750000000000e-01
7.441406250000000000e-01
5.537109375000000000e-01
7.402343750000000000e-01
4.941406250000000000e-01
