2.197265625000000000e-01
5.097656250000000000e-01
2.226562500000000000e-01
5.791015625000000000e-01
2.265625000000000000e-01
6.474609375000000000e-01
2.324218750000000000e-01
7.187500000000000000e-01
2.500000000000000000e-01
7.832031250000000000e-01
2.880859375000000000e-01
8.378906250000000000e-01
3.457031250000000000e-01
8.759765625000000000e-01
4.130859375000000000e-01
9.042968750000000000e-01
4.921875000000000000e-01
9.140625000000000000e-01
5.712890625000000000e-01
9.033203125000000000e-01
6.386718750000000000e-01
8.750000000000000000e-01
6.972656250000000000e-01
8.359375000000000000e-01
7.382812500000000000e-01
7.851562500000000000e-01
7.597656250000000000e-01
7.216796875000000000e-01
7.695312500000000000e-01
6.523437500000000000e-01
7.753906250000000000e-01
5.849609375000000000e-01
7.832031250000000000e-01
5.156250000000000000e-01
