2.548828125000000000e-01
4.824218750000000000e-01
2.519531250000000000e-01
5.478515625000000000e-01
2.587890625000000000e-01
6.132812500000000000e-01
2.656250000000000000e-01
6.816406250000000000e-01
2.773437500000000000e-01
7.509765625000000000e-01
3.076171875000000000e-01
8.095703125000000000e-01
3.603515625000000000e-01
8.564453125000000000e-01
4.238281250000000000e-01
8.886718750000000000e-01
4.951171875000000000e-01
9.013671875000000000e-01
5.712890625000000000e-01
8.916015625000000000e-01
6.435546875000000000e-01
8.652343750000000000e-01
7.080078125000000000e-01
8.261718750000000000e-01
7.539062500000000000e-01
7.714843750000000000e-01
7.773437500000000000e-01
7.041015625000000000e-01
7.871093750000000000e-01
6.337890625000000000e-01
7.939453125000000000e-01
5.634765625000000000e-01
7.949218750000000000e-01
4.931640625000000000e-01
