2.314453125000000000e-01
4.843750000000000000e-01
2.363281250000000000e-01
5.605468750000000000e-01
2.421875000000000000e-01
6.347656250000000000e-01
2.519531250000000000e-01
7.070312500000000000e-01
2.753906250000000000e-01
7.734375000000000000e-01
3.125000000000000000e-01
8.330078125000000000e-01
3.583984375000000000e-01
8.867187500000000000e-01
4.169921875000000000e-01
9.287109375000000000e-01
4.882812500000000000e-01
9.433593750000000000e-01
5.644531250000000000e-01
9.306640625000000000e-01
6.308593750000000000e-01
8.906250000000000000e-01
6.835937500000000000e-01
8.369140625000000000e-01
7.285156250000000000e-01
7.783203125000000000e-01
7.558593750000000000e-01
7.119140625000000000e-01
7.666015625000000000e-01
6.386718750000000000e-01
7.734375000000000000e-01
5.634765625000000000e-01
7.763671875000000000e-01
4.882812500000000000e-01
