1.445312500000000000e-01
4.833984375000000000e-01
1.591796875000000000e-01
5.576171875000000000e-01
1.748046875000000000e-01
6.279296875000000000e-01
1.953125000000000000e-01
6.962890625000000000e-01
2.255859375000000000e-01
7.578125000000000000e-01
2.792968750000000000e-01
8.037109375000000000e-01
3.535156250000000000e-01
8.330078125000000000e-01
4.267578125000000000e-01
8.564453125000000000e-01
4.931640625000000000e-01
8.691406250000000000e-01
5.566406250000000000e-01
8.574218750000000000e-01
6.162109375000000000e-01
8.271484375000000000e-01
6.728515625000000000e-01
7.900390625000000000e-01
7.099609375000000000e-01
7.382812500000000000e-01
7.304687500000000000e-01
6.748046875000000000e-01
7.402343750000000000e-01
6.083984375000000000e-01
7.500000000000000000e-01
5.410156250000000000e-01
7.568359375000000000e-01
4.716796875000000000e-01
