2.099609375000000000e-01
4.775390625000000000e-01
2.216796875000000000e-01
5.488281250000000000e-01
2.353515625000000000e-01
6.162109375000000000e-01
2.500000000000000000e-01
6.835937500000000000e-01
2.783203125000000000e-01
7.421875000000000000e-01
3.271484375000000000e-01
7.871093750000000000e-01
3.828125000000000000e-01
8.212890625000000000e-01
4.384765625000000000e-01
8.525390625000000000e-01
4.970703125000000000e-01
8.632812500000000000e-01
5.576171875000000000e-01
8.505859375000000000e-01
6.171875000000000000e-01
8.183593750000000000e-01
6.796875000000000000e-01
7.851562500000000000e-01
7.275390625000000000e-01
7.412109375000000000e-01
7.568359375000000000e-01
6.826171875000000000e-01
7.714843750000000000e-01
6.132812500000000000e-01
7.802734375000000000e-01
5.449218750000000000e-01
7.890625000000000000e-01
4.746093750000000000e-01
