2.001953125000000000e-01
4.169921875000000000e-01
2.089843750000000000e-01
4.951171875000000000e-01
2.226562500000000000e-01
5.712890625000000000e-01
2.373046875000000000e-01
6.445312500000000000e-01
2.675781250000000000e-01
7.119140625000000000e-01
3.164062500000000000e-01
7.675781250000000000e-01
3.740234375000000000e-01
8.144531250000000000e-01
4.335937500000000000e-01
8.515625000000000000e-01
4.960937500000000000e-01
8.652343750000000000e-01
5.576171875000000000e-01
8.564453125000000000e-01
6.162109375000000000e-01
8.193359375000000000e-01
6.718750000000000000e-01
7.744140625000000000e-01
7.197265625000000000e-01
7.187500000000000000e-01
7.490234375000000000e-01
6.523437500000000000e-01
7.626953125000000000e-01
5.791015625000000000e-01
7.714843750000000000e-01
5.039062500000000000e-01
7.792968750000000000e-01
4.267578125000000000e-01
