2.304687500000000000e-01
4.824218750000000000e-01
2.353515625000000000e-01
5.546875000000000000e-01
2.451171875000000000e-01
6.250000000000000000e-01
2.558593750000000000e-01
6.953125000000000000e-01
2.841796875000000000e-01
7.626953125000000000e-01
3.320312500000000000e-01
8.183593750000000000e-01
3.886718750000000000e-01
8.632812500000000000e-01
4.482421875000000000e-01
9.023437500000000000e-01
5.097656250000000000e-01
9.130859375000000000e-01
5.703125000000000000e-01
8.955078125000000000e-01
6.220703125000000000e-01
8.505859375000000000e-01
6.708984375000000000e-01
8.037109375000000000e-01
7.099609375000000000e-01
7.519531250000000000e-01
7.333984375000000000e-01
6.904296875000000000e-01
7.421875000000000000e-01
6.240234375000000000e-01
7.460937500000000000e-01
5.585937500000000000e-01
7.421875000000000000e-01
4.931640625000000000e-01
