2.128906250000000000e-01
5.029296875000000000e-01
2.138671875000000000e-01
5.751953125000000000e-01
2.226562500000000000e-01
6.484375000000000000e-01
2.392578125000000000e-01
7.197265625000000000e-01
2.695312500000000000e-01
7.861328125000000000e-01
3.144531250000000000e-01
8.417968750000000000e-01
3.681640625000000000e-01
8.906250000000000000e-01
4.267578125000000000e-01
9.306640625000000000e-01
4.960937500000000000e-01
9.443359375000000000e-01
5.654296875000000000e-01
9.306640625000000000e-01
6.298828125000000000e-01
8.935546875000000000e-01
6.884765625000000000e-01
8.496093750000000000e-01
7.373046875000000000e-01
7.929687500000000000e-01
7.685546875000000000e-01
7.275390625000000000e-01
7.861328125000000000e-01
6.552734375000000000e-01
7.939453125000000000e-01
5.820312500000000000e-01
7.978515625000000000e-01
5.078125000000000000e-01
