2.089843750000000000e-01
4.511718750000000000e-01
2.187500000000000000e-01
5.214843750000000000e-01
2.294921875000000000e-01
5.937500000000000000e-01
2.431640625000000000e-01
6.660156250000000000e-01
2.666015625000000000e-01
7.353515625000000000e-01
3.095703125000000000e-01
7.949218750000000000e-01
3.632812500000000000e-01
8.466796875000000000e-01
4.267578125000000000e-01
8.886718750000000000e-01
4.980468750000000000e-01
9.003906250000000000e-01
5.712890625000000000e-01
8.896484375000000000e-01
6.357421875000000000e-01
8.505859375000000000e-01
6.904296875000000000e-01
7.998046875000000000e-01
7.343750000000000000e-01
7.392578125000000000e-01
7.558593750000000000e-01
6.689453125000000000e-01
7.695312500000000000e-01
5.957031250000000000e-01
7.802734375000000000e-01
5.224609375000000000e-01
7.871093750000000000e-01
4.482421875000000000e-01
