1.884765625000000000e-01
4.931640625000000000e-01
1.953125000000000000e-01
5.722656250000000000e-01
2.089843750000000000e-01
6.503906250000000000e-01
2.246093750000000000e-01
7.285156250000000000e-01
2.558593750000000000e-01
7.978515625000000000e-01
3.066406250000000000e-01
8.564453125000000000e-01
3.720703125000000000e-01
9.052734375000000000e-01
4.423828125000000000e-01
9.404296875000000000e-01
5.136718750000000000e-01
9.492187500000000000e-01
5.810546875000000000e-01
9.277343750000000000e-01
6.376953125000000000e-01
8.789062500000000000e-01
6.894531250000000000e-01
8.251953125000000000e-01
7.275390625000000000e-01
7.646484375000000000e-01
7.480468750000000000e-01
6.953125000000000000e-01
7.558593750000000000e-01
6.240234375000000000e-01
7.617187500000000000e-01
5.556640625000000000e-01
7.636718750000000000e-01
4.843750000000000000e-01
