2.255859375000000000e-01
4.814453125000000000e-01
2.285156250000000000e-01
5.556640625000000000e-01
2.382812500000000000e-01
6.269531250000000000e-01
2.529296875000000000e-01
6.962890625000000000e-01
2.802734375000000000e-01
7.597656250000000000e-01
3.232421875000000000e-01
8.173828125000000000e-01
3.730468750000000000e-01
8.662109375000000000e-01
4.306640625000000000e-01
9.052734375000000000e-01
4.951171875000000000e-01
9.179687500000000000e-01
5.595703125000000000e-01
9.052734375000000000e-01
6.162109375000000000e-01
8.681640625000000000e-01
6.679687500000000000e-01
8.203125000000000000e-01
7.119140625000000000e-01
7.636718750000000000e-01
7.412109375000000000e-01
7.011718750000000000e-01
7.587890625000000000e-01
6.298828125000000000e-01
7.675781250000000000e-01
5.566406250000000000e-01
7.724609375000000000e-01
4.833984375000000000e-01
