2.021484375000000000e-01
4.453125000000000000e-01
2.138671875000000000e-01
5.214843750000000000e-01
2.314453125000000000e-01
5.957031250000000000e-01
2.470703125000000000e-01
6.660156250000000000e-01
2.763671875000000000e-01
7.285156250000000000e-01
3.232421875000000000e-01
7.753906250000000000e-01
3.779296875000000000e-01
8.144531250000000000e-01
4.326171875000000000e-01
8.486328125000000000e-01
4.902343750000000000e-01
8.593750000000000000e-01
5.458984375000000000e-01
8.476562500000000000e-01
6.005859375000000000e-01
8.154296875000000000e-01
6.582031250000000000e-01
7.773437500000000000e-01
7.080078125000000000e-01
7.294921875000000000e-01
7.392578125000000000e-01
6.669921875000000000e-01
7.558593750000000000e-01
5.947265625000000000e-01
7.695312500000000000e-01
5.224609375000000000e-01
7.802734375000000000e-01
4.472656250000000000e-01
