2.490234375000000000e-01
4.912109375000000000e-01
2.519531250000000000e-01
5.595703125000000000e-01
2.597656250000000000e-01
6.269531250000000000e-01
2.714843750000000000e-01
6.914062500000000000e-01
2.929687500000000000e-01
7.539062500000000000e-01
3.339843750000000000e-01
8.085937500000000000e-01
3.828125000000000000e-01
8.554687500000000000e-01
4.375000000000000000e-01
8.964843750000000000e-01
4.990234375000000000e-01
9.082031250000000000e-01
5.683593750000000000e-01
8.974609375000000000e-01
6.308593750000000000e-01
8.554687500000000000e-01
6.875000000000000000e-01
8.066406250000000000e-01
7.363281250000000000e-01
7.529296875000000000e-01
7.646484375000000000e-01
6.875000000000000000e-01
7.832031250000000000e-01
6.181640625000000000e-01
7.949218750000000000e-01
5.468750000000000000e-01
8.037109375000000000e-01
4.736328125000000000e-01
