2.275390625000000000e-01
4.414062500000000000e-01
2.363281250000000000e-01
5.175781250000000000e-01
2.548828125000000000e-01
5.898437500000000000e-01
2.685546875000000000e-01
6.591796875000000000e-01
2.919921875000000000e-01
7.207031250000000000e-01
3.339843750000000000e-01
7.705078125000000000e-01
3.876953125000000000e-01
8.105468750000000000e-01
4.423828125000000000e-01
8.437500000000000000e-01
5.009765625000000000e-01
8.544921875000000000e-01
5.566406250000000000e-01
8.427734375000000000e-01
6.093750000000000000e-01
8.076171875000000000e-01
6.611328125000000000e-01
7.675781250000000000e-01
7.050781250000000000e-01
7.197265625000000000e-01
7.294921875000000000e-01
6.562500000000000000e-01
7.451171875000000000e-01
5.888671875000000000e-01
7.617187500000000000e-01
5.185546875000000000e-01
7.744140625000000000e-01
4.433593750000000000e-01
