1.845703125000000000e-01
4.541015625000000000e-01
1.972656250000000000e-01
5.341796875000000000e-01
2.158203125000000000e-01
6.064453125000000000e-01
2.343750000000000000e-01
6.777343750000000000e-01
2.636718750000000000e-01
7.421875000000000000e-01
3.095703125000000000e-01
7.919921875000000000e-01
3.730468750000000000e-01
8.300781250000000000e-01
4.375000000000000000e-01
8.613281250000000000e-01
5.019531250000000000e-01
8.710937500000000000e-01
5.644531250000000000e-01
8.583984375000000000e-01
6.240234375000000000e-01
8.261718750000000000e-01
6.835937500000000000e-01
7.890625000000000000e-01
7.304687500000000000e-01
7.392578125000000000e-01
7.568359375000000000e-01
6.728515625000000000e-01
7.724609375000000000e-01
6.005859375000000000e-01
7.871093750000000000e-01
5.283203125000000000e-01
7.988281250000000000e-01
4.511718750000000000e-01
