1.660156250000000000e-01
5.078125000000000000e-01
1.708984375000000000e-01
5.771484375000000000e-01
1.806640625000000000e-01
6.503906250000000000e-01
1.943359375000000000e-01
7.197265625000000000e-01
2.246093750000000000e-01
7.861328125000000000e-01
2.802734375000000000e-01
8.398437500000000000e-01
3.515625000000000000e-01
8.798828125000000000e-01
4.267578125000000000e-01
9.150390625000000000e-01
5.048828125000000000e-01
9.257812500000000000e-01
5.732421875000000000e-01
9.150390625000000000e-01
6.230468750000000000e-01
8.720703125000000000e-01
6.650390625000000000e-01
8.173828125000000000e-01
6.972656250000000000e-01
7.587890625000000000e-01
7.128906250000000000e-01
6.972656250000000000e-01
7.207031250000000000e-01
6.289062500000000000e-01
7.187500000000000000e-01
5.654296875000000000e-01
7.099609375000000000e-01
5.039062500000000000e-01
