1.738281250000000000e-01
5.214843750000000000e-01
1.757812500000000000e-01
5.976562500000000000e-01
1.845703125000000000e-01
6.757812500000000000e-01
2.041015625000000000e-01
7.529296875000000000e-01
2.402343750000000000e-01
8.251953125000000000e-01
3.007812500000000000e-01
8.808593750000000000e-01
3.740234375000000000e-01
9.228515625000000000e-01
4.501953125000000000e-01
9.462890625000000000e-01
5.253906250000000000e-01
9.501953125000000000e-01
5.947265625000000000e-01
9.306640625000000000e-01
6.533203125000000000e-01
8.876953125000000000e-01
7.011718750000000000e-01
8.349609375000000000e-01
7.353515625000000000e-01
7.714843750000000000e-01
7.568359375000000000e-01
7.021484375000000000e-01
7.656250000000000000e-01
6.347656250000000000e-01
7.666015625000000000e-01
5.664062500000000000e-01
7.587890625000000000e-01
5.029296875000000000e-01
