2.480468750000000000e-01
4.746093750000000000e-01
2.500000000000000000e-01
5.478515625000000000e-01
2.626953125000000000e-01
6.210937500000000000e-01
2.773437500000000000e-01
6.923828125000000000e-01
3.037109375000000000e-01
7.587890625000000000e-01
3.466796875000000000e-01
8.164062500000000000e-01
3.964843750000000000e-01
8.652343750000000000e-01
4.492187500000000000e-01
9.052734375000000000e-01
5.078125000000000000e-01
9.160156250000000000e-01
5.654296875000000000e-01
9.033203125000000000e-01
6.230468750000000000e-01
8.642578125000000000e-01
6.757812500000000000e-01
8.203125000000000000e-01
7.226562500000000000e-01
7.705078125000000000e-01
7.568359375000000000e-01
7.109375000000000000e-01
7.724609375000000000e-01
6.416015625000000000e-01
7.792968750000000000e-01
5.703125000000000000e-01
7.802734375000000000e-01
4.960937500000000000e-01
