2.021484375000000000e-01
4.443359375000000000e-01
2.080078125000000000e-01
5.214843750000000000e-01
2.158203125000000000e-01
5.917968750000000000e-01
2.275390625000000000e-01
6.601562500000000000e-01
2.558593750000000000e-01
7.207031250000000000e-01
3.037109375000000000e-01
7.666015625000000000e-01
3.662109375000000000e-01
8.017578125000000000e-01
4.277343750000000000e-01
8.339843750000000000e-01
4.873046875000000000e-01
8.466796875000000000e-01
5.449218750000000000e-01
8.359375000000000000e-01
6.015625000000000000e-01
8.066406250000000000e-01
6.621093750000000000e-01
7.734375000000000000e-01
7.119140625000000000e-01
7.314453125000000000e-01
7.392578125000000000e-01
6.699218750000000000e-01
7.500000000000000000e-01
5.996093750000000000e-01
7.607421875000000000e-01
5.292968750000000000e-01
7.705078125000000000e-01
4.541015625000000000e-01
