2.539062500000000000e-01
4.794921875000000000e-01
2.539062500000000000e-01
5.478515625000000000e-01
2.597656250000000000e-01
6.152343750000000000e-01
2.705078125000000000e-01
6.855468750000000000e-01
2.900390625000000000e-01
7.539062500000000000e-01
3.261718750000000000e-01
8.183593750000000000e-01
3.662109375000000000e-01
8.769531250000000000e-01
4.238281250000000000e-01
9.228515625000000000e-01
4.941406250000000000e-01
9.384765625000000000e-01
5.664062500000000000e-01
9.267578125000000000e-01
6.328125000000000000e-01
8.876953125000000000e-01
6.875000000000000000e-01
8.330078125000000000e-01
7.363281250000000000e-01
7.705078125000000000e-01
7.646484375000000000e-01
7.011718750000000000e-01
7.802734375000000000e-01
6.259765625000000000e-01
7.861328125000000000e-01
5.517578125000000000e-01
7.871093750000000000e-01
4.755859375000000000e-01
