1.894531250000000000e-01
5.078125000000000000e-01
1.923828125000000000e-01
5.820312500000000000e-01
1.992187500000000000e-01
6.572265625000000000e-01
2.080078125000000000e-01
7.333984375000000000e-01
2.324218750000000000e-01
8.056640625000000000e-01
2.822265625000000000e-01
8.632812500000000000e-01
3.476562500000000000e-01
9.062500000000000000e-01
4.248046875000000000e-01
9.365234375000000000e-01
5.058593750000000000e-01
9.404296875000000000e-01
5.839843750000000000e-01
9.248046875000000000e-01
6.474609375000000000e-01
8.847656250000000000e-01
7.011718750000000000e-01
8.378906250000000000e-01
7.373046875000000000e-01
7.792968750000000000e-01
7.509765625000000000e-01
7.089843750000000000e-01
7.548828125000000000e-01
6.386718750000000000e-01
7.578125000000000000e-01
5.732421875000000000e-01
7.558593750000000000e-01
5.097656250000000000e-01
