2.246093750000000000e-01
5.087890625000000000e-01
2.275390625000000000e-01
5.761718750000000000e-01
2.373046875000000000e-01
6.435546875000000000e-01
2.500000000000000000e-01
7.109375000000000000e-01
2.763671875000000000e-01
7.734375000000000000e-01
3.203125000000000000e-01
8.281250000000000000e-01
3.740234375000000000e-01
8.750000000000000000e-01
4.345703125000000000e-01
9.052734375000000000e-01
5.009765625000000000e-01
9.140625000000000000e-01
5.644531250000000000e-01
8.994140625000000000e-01
6.220703125000000000e-01
8.632812500000000000e-01
6.669921875000000000e-01
8.164062500000000000e-01
7.041015625000000000e-01
7.636718750000000000e-01
7.275390625000000000e-01
7.031250000000000000e-01
7.412109375000000000e-01
6.435546875000000000e-01
7.490234375000000000e-01
5.839843750000000000e-01
7.519531250000000000e-01
5.253906250000000000e-01
