2.285156250000000000e-01
4.472656250000000000e-01
2.333984375000000000e-01
5.234375000000000000e-01
2.460937500000000000e-01
5.996093750000000000e-01
2.587890625000000000e-01
6.738281250000000000e-01
2.822265625000000000e-01
7.431640625000000000e-01
3.232421875000000000e-01
8.037109375000000000e-01
3.759765625000000000e-01
8.544921875000000000e-01
4.345703125000000000e-01
8.974609375000000000e-01
5.029296875000000000e-01
9.130859375000000000e-01
5.761718750000000000e-01
8.994140625000000000e-01
6.406250000000000000e-01
8.583984375000000000e-01
7.001953125000000000e-01
8.125000000000000000e-01
7.470703125000000000e-01
7.539062500000000000e-01
7.753906250000000000e-01
6.855468750000000000e-01
7.880859375000000000e-01
6.093750000000000000e-01
7.968750000000000000e-01
5.302734375000000000e-01
8.007812500000000000e-01
4.501953125000000000e-01
