1.962890625000000000e-01
4.501953125000000000e-01
2.011718750000000000e-01
5.302734375000000000e-01
2.109375000000000000e-01
6.083984375000000000e-01
2.246093750000000000e-01
6.845703125000000000e-01
2.509765625000000000e-01
7.578125000000000000e-01
2.998046875000000000e-01
8.183593750000000000e-01
3.583984375000000000e-01
8.710937500000000000e-01
4.248046875000000000e-01
9.140625000000000000e-01
5.000000000000000000e-01
9.238281250000000000e-01
5.732421875000000000e-01
9.082031250000000000e-01
6.308593750000000000e-01
8.623046875000000000e-01
6.845703125000000000e-01
8.095703125000000000e-01
7.275390625000000000e-01
7.500000000000000000e-01
7.519531250000000000e-01
6.787109375000000000e-01
7.626953125000000000e-01
6.044921875000000000e-01
7.695312500000000000e-01
5.302734375000000000e-01
7.734375000000000000e-01
4.550781250000000000e-01
