2.285156250000000000e-01
5.087890625000000000e-01
2.353515625000000000e-01
5.751953125000000000e-01
2.460937500000000000e-01
6.396484375000000000e-01
2.587890625000000000e-01
7.001953125000000000e-01
2.812500000000000000e-01
7.568359375000000000e-01
3.193359375000000000e-01
7.998046875000000000e-01
3.750000000000000000e-01
8.310546875000000000e-01
4.316406250000000000e-01
8.564453125000000000e-01
4.921875000000000000e-01
8.642578125000000000e-01
5.537109375000000000e-01
8.554687500000000000e-01
6.123046875000000000e-01
8.291015625000000000e-01
6.699218750000000000e-01
7.988281250000000000e-01
7.167968750000000000e-01
7.578125000000000000e-01
7.451171875000000000e-01
7.001953125000000000e-01
7.636718750000000000e-01
6.376953125000000000e-01
7.792968750000000000e-01
5.722656250000000000e-01
7.910156250000000000e-01
5.039062500000000000e-01
