2.050781250000000000e-01
4.716796875000000000e-01
2.070312500000000000e-01
5.488281250000000000e-01
2.197265625000000000e-01
6.240234375000000000e-01
2.333984375000000000e-01
6.953125000000000000e-01
2.607421875000000000e-01
7.626953125000000000e-01
3.085937500000000000e-01
8.212890625000000000e-01
3.691406250000000000e-01
8.701171875000000000e-01
4.345703125000000000e-01
9.091796875000000000e-01
4.990234375000000000e-01
9.179687500000000000e-01
5.595703125000000000e-01
9.033203125000000000e-01
6.162109375000000000e-01
8.603515625000000000e-01
6.689453125000000000e-01
8.105468750000000000e-01
7.128906250000000000e-01
7.539062500000000000e-01
7.402343750000000000e-01
6.875000000000000000e-01
7.558593750000000000e-01
6.162109375000000000e-01
7.685546875000000000e-01
5.439453125000000000e-01
7.753906250000000000e-01
4.677734375000000000e-01
