2.138671875000000000e-01
4.667968750000000000e-01
2.177734375000000000e-01
5.478515625000000000e-01
2.275390625000000000e-01
6.279296875000000000e-01
2.431640625000000000e-01
7.050781250000000000e-01
2.753906250000000000e-01
7.724609375000000000e-01
3.222656250000000000e-01
8.300781250000000000e-01
3.798828125000000000e-01
8.759765625000000000e-01
4.433593750000000000e-01
9.101562500000000000e-01
5.087890625000000000e-01
9.189453125000000000e-01
5.722656250000000000e-01
9.003906250000000000e-01
6.279296875000000000e-01
8.574218750000000000e-01
6.718750000000000000e-01
8.046875000000000000e-01
7.070312500000000000e-01
7.441406250000000000e-01
7.314453125000000000e-01
6.767578125000000000e-01
7.441406250000000000e-01
6.064453125000000000e-01
7.539062500000000000e-01
5.351562500000000000e-01
7.568359375000000000e-01
4.619140625000000000e-01
