2.607421875000000000e-01
4.570312500000000000e-01
2.587890625000000000e-01
5.283203125000000000e-01
2.685546875000000000e-01
6.015625000000000000e-01
2.822265625000000000e-01
6.738281250000000000e-01
3.017578125000000000e-01
7.441406250000000000e-01
3.359375000000000000e-01
8.076171875000000000e-01
3.837890625000000000e-01
8.613281250000000000e-01
4.414062500000000000e-01
9.033203125000000000e-01
5.078125000000000000e-01
9.189453125000000000e-01
5.800781250000000000e-01
9.072265625000000000e-01
6.494140625000000000e-01
8.720703125000000000e-01
7.177734375000000000e-01
8.271484375000000000e-01
7.695312500000000000e-01
7.685546875000000000e-01
8.007812500000000000e-01
6.943359375000000000e-01
8.154296875000000000e-01
6.181640625000000000e-01
8.242187500000000000e-01
5.390625000000000000e-01
8.261718750000000000e-01
4.599609375000000000e-01
