2.119140625000000000e-01
4.628906250000000000e-01
2.197265625000000000e-01
5.449218750000000000e-01
2.343750000000000000e-01
6.259765625000000000e-01
2.529296875000000000e-01
7.021484375000000000e-01
2.822265625000000000e-01
7.714843750000000000e-01
3.281250000000000000e-01
8.310546875000000000e-01
3.798828125000000000e-01
8.808593750000000000e-01
4.375000000000000000e-01
9.228515625000000000e-01
5.029296875000000000e-01
9.355468750000000000e-01
5.664062500000000000e-01
9.160156250000000000e-01
6.201171875000000000e-01
8.681640625000000000e-01
6.669921875000000000e-01
8.134765625000000000e-01
7.080078125000000000e-01
7.519531250000000000e-01
7.314453125000000000e-01
6.835937500000000000e-01
7.421875000000000000e-01
6.083984375000000000e-01
7.509765625000000000e-01
5.351562500000000000e-01
7.548828125000000000e-01
4.619140625000000000e-01
