2.050781250000000000e-01
4.589843750000000000e-01
2.158203125000000000e-01
5.332031250000000000e-01
2.314453125000000000e-01
6.035156250000000000e-01
2.470703125000000000e-01
6.728515625000000000e-01
2.744140625000000000e-01
7.363281250000000000e-01
3.212890625000000000e-01
7.861328125000000000e-01
3.740234375000000000e-01
8.271484375000000000e-01
4.306640625000000000e-01
8.623046875000000000e-01
4.912109375000000000e-01
8.740234375000000000e-01
5.517578125000000000e-01
8.593750000000000000e-01
6.083984375000000000e-01
8.203125000000000000e-01
6.650390625000000000e-01
7.792968750000000000e-01
7.128906250000000000e-01
7.294921875000000000e-01
7.402343750000000000e-01
6.660156250000000000e-01
7.519531250000000000e-01
5.947265625000000000e-01
7.636718750000000000e-01
5.253906250000000000e-01
7.753906250000000000e-01
4.541015625000000000e-01
