2.500000000000000000e-01
4.775390625000000000e-01
2.558593750000000000e-01
5.439453125000000000e-01
2.656250000000000000e-01
6.103515625000000000e-01
2.773437500000000000e-01
6.777343750000000000e-01
2.958984375000000000e-01
7.451171875000000000e-01
3.300781250000000000e-01
8.056640625000000000e-01
3.759765625000000000e-01
8.593750000000000000e-01
4.326171875000000000e-01
9.033203125000000000e-01
5.009765625000000000e-01
9.160156250000000000e-01
5.761718750000000000e-01
9.052734375000000000e-01
6.484375000000000000e-01
8.701171875000000000e-01
7.128906250000000000e-01
8.222656250000000000e-01
7.617187500000000000e-01
7.626953125000000000e-01
7.861328125000000000e-01
6.953125000000000000e-01
7.978515625000000000e-01
6.210937500000000000e-01
8.027343750000000000e-01
5.488281250000000000e-01
8.085937500000000000e-01
4.736328125000000000e-01
