1.562500000000000000e-01
4.394531250000000000e-01
1.669921875000000000e-01
5.253906250000000000e-01
1.826171875000000000e-01
6.083984375000000000e-01
2.050781250000000000e-01
6.855468750000000000e-01
2.412109375000000000e-01
7.548828125000000000e-01
3.017578125000000000e-01
8.095703125000000000e-01
3.681640625000000000e-01
8.544921875000000000e-01
4.375000000000000000e-01
8.876953125000000000e-01
5.019531250000000000e-01
8.925781250000000000e-01
5.615234375000000000e-01
8.759765625000000000e-01
6.113281250000000000e-01
8.300781250000000000e-01
6.630859375000000000e-01
7.841796875000000000e-01
7.060546875000000000e-01
7.324218750000000000e-01
7.314453125000000000e-01
6.650390625000000000e-01
7.421875000000000000e-01
5.947265625000000000e-01
7.500000000000000000e-01
5.224609375000000000e-01
7.539062500000000000e-01
4.501953125000000000e-01
