2.695312500000000000e-01
4.853515625000000000e-01
2.675781250000000000e-01
5.517578125000000000e-01
2.695312500000000000e-01
6.220703125000000000e-01
2.802734375000000000e-01
6.943359375000000000e-01
3.007812500000000000e-01
7.646484375000000000e-01
3.369140625000000000e-01
8.300781250000000000e-01
3.779296875000000000e-01
8.906250000000000000e-01
4.296875000000000000e-01
9.384765625000000000e-01
4.970703125000000000e-01
9.541015625000000000e-01
5.732421875000000000e-01
9.423828125000000000e-01
6.416015625000000000e-01
9.082031250000000000e-01
7.041015625000000000e-01
8.603515625000000000e-01
7.548828125000000000e-01
8.017578125000000000e-01
7.871093750000000000e-01
7.314453125000000000e-01
8.037109375000000000e-01
6.542968750000000000e-01
8.105468750000000000e-01
5.751953125000000000e-01
8.144531250000000000e-01
4.931640625000000000e-01
