1.484375000000000000e-01
4.990234375000000000e-01
1.611328125000000000e-01
5.751953125000000000e-01
1.738281250000000000e-01
6.513671875000000000e-01
1.933593750000000000e-01
7.236328125000000000e-01
2.314453125000000000e-01
7.871093750000000000e-01
2.910156250000000000e-01
8.359375000000000000e-01
3.583984375000000000e-01
8.730468750000000000e-01
4.306640625000000000e-01
8.994140625000000000e-01
5.019531250000000000e-01
9.072265625000000000e-01
5.673828125000000000e-01
8.906250000000000000e-01
6.259765625000000000e-01
8.515625000000000000e-01
6.787109375000000000e-01
8.076171875000000000e-01
7.148437500000000000e-01
7.529296875000000000e-01
7.324218750000000000e-01
6.865234375000000000e-01
7.373046875000000000e-01
6.181640625000000000e-01
7.402343750000000000e-01
5.537109375000000000e-01
7.382812500000000000e-01
4.863281250000000000e-01
