2.412109375000000000e-01
4.765625000000000000e-01
2.392578125000000000e-01
5.478515625000000000e-01
2.441406250000000000e-01
6.191406250000000000e-01
2.548828125000000000e-01
6.865234375000000000e-01
2.802734375000000000e-01
7.490234375000000000e-01
3.203125000000000000e-01
8.066406250000000000e-01
3.691406250000000000e-01
8.574218750000000000e-01
4.238281250000000000e-01
8.984375000000000000e-01
4.863281250000000000e-01
9.101562500000000000e-01
5.488281250000000000e-01
9.033203125000000000e-01
6.074218750000000000e-01
8.652343750000000000e-01
6.591796875000000000e-01
8.164062500000000000e-01
7.041015625000000000e-01
7.587890625000000000e-01
7.373046875000000000e-01
6.953125000000000000e-01
7.558593750000000000e-01
6.250000000000000000e-01
7.666015625000000000e-01
5.488281250000000000e-01
7.685546875000000000e-01
4.707031250000000000e-01
