2.519531250000000000e-01
4.843750000000000000e-01
2.470703125000000000e-01
5.517578125000000000e-01
2.480468750000000000e-01
6.201171875000000000e-01
2.558593750000000000e-01
6.914062500000000000e-01
2.753906250000000000e-01
7.597656250000000000e-01
3.134765625000000000e-01
8.173828125000000000e-01
3.642578125000000000e-01
8.681640625000000000e-01
4.208984375000000000e-01
9.179687500000000000e-01
4.882812500000000000e-01
9.375000000000000000e-01
5.615234375000000000e-01
9.287109375000000000e-01
6.396484375000000000e-01
8.925781250000000000e-01
7.109375000000000000e-01
8.457031250000000000e-01
7.724609375000000000e-01
7.880859375000000000e-01
8.144531250000000000e-01
7.177734375000000000e-01
8.378906250000000000e-01
6.406250000000000000e-01
8.505859375000000000e-01
5.615234375000000000e-01
8.613281250000000000e-01
4.785156250000000000e-01
