2.490234375000000000e-01
4.990234375000000000e-01
2.412109375000000000e-01
5.625000000000000000e-01
2.402343750000000000e-01
6.289062500000000000e-01
2.490234375000000000e-01
6.943359375000000000e-01
2.714843750000000000e-01
7.578125000000000000e-01
3.125000000000000000e-01
8.134765625000000000e-01
3.642578125000000000e-01
8.583984375000000000e-01
4.228515625000000000e-01
9.003906250000000000e-01
4.921875000000000000e-01
9.160156250000000000e-01
5.673828125000000000e-01
9.072265625000000000e-01
6.376953125000000000e-01
8.759765625000000000e-01
7.031250000000000000e-01
8.330078125000000000e-01
7.529296875000000000e-01
7.763671875000000000e-01
7.832031250000000000e-01
7.089843750000000000e-01
7.939453125000000000e-01
6.367187500000000000e-01
7.988281250000000000e-01
5.683593750000000000e-01
7.949218750000000000e-01
5.019531250000000000e-01
