2.265625000000000000e-01
4.726562500000000000e-01
2.324218750000000000e-01
5.449218750000000000e-01
2.412109375000000000e-01
6.162109375000000000e-01
2.490234375000000000e-01
6.865234375000000000e-01
2.685546875000000000e-01
7.568359375000000000e-01
3.085937500000000000e-01
8.154296875000000000e-01
3.652343750000000000e-01
8.613281250000000000e-01
4.277343750000000000e-01
8.964843750000000000e-01
4.941406250000000000e-01
9.101562500000000000e-01
5.634765625000000000e-01
9.033203125000000000e-01
6.337890625000000000e-01
8.740234375000000000e-01
7.001953125000000000e-01
8.320312500000000000e-01
7.509765625000000000e-01
7.763671875000000000e-01
7.832031250000000000e-01
7.060546875000000000e-01
8.007812500000000000e-01
6.318359375000000000e-01
8.154296875000000000e-01
5.576171875000000000e-01
8.281250000000000000e-01
4.804687500000000000e-01
