2.265625000000000000e-01
5.078125000000000000e-01
2.314453125000000000e-01
5.761718750000000000e-01
2.392578125000000000e-01
6.455078125000000000e-01
2.500000000000000000e-01
7.138671875000000000e-01
2.734375000000000000e-01
7.753906250000000000e-01
3.173828125000000000e-01
8.271484375000000000e-01
3.720703125000000000e-01
8.740234375000000000e-01
4.316406250000000000e-01
9.140625000000000000e-01
4.990234375000000000e-01
9.267578125000000000e-01
5.644531250000000000e-01
9.130859375000000000e-01
6.240234375000000000e-01
8.720703125000000000e-01
6.738281250000000000e-01
8.232421875000000000e-01
7.138671875000000000e-01
7.685546875000000000e-01
7.363281250000000000e-01
7.060546875000000000e-01
7.460937500000000000e-01
6.376953125000000000e-01
7.519531250000000000e-01
5.712890625000000000e-01
7.548828125000000000e-01
5.039062500000000000e-01
