1.650390625000000000e-01
4.521484375000000000e-01
1.796875000000000000e-01
5.302734375000000000e-01
1.962890625000000000e-01
6.054687500000000000e-01
2.138671875000000000e-01
6.767578125000000000e-01
2.441406250000000000e-01
7.431640625000000000e-01
2.939453125000000000e-01
7.968750000000000000e-01
3.564453125000000000e-01
8.359375000000000000e-01
4.238281250000000000e-01
8.632812500000000000e-01
4.902343750000000000e-01
8.720703125000000000e-01
5.507812500000000000e-01
8.554687500000000000e-01
6.074218750000000000e-01
8.203125000000000000e-01
6.621093750000000000e-01
7.792968750000000000e-01
7.011718750000000000e-01
7.265625000000000000e-01
7.246093750000000000e-01
6.630859375000000000e-01
7.324218750000000000e-01
5.957031250000000000e-01
7.392578125000000000e-01
5.302734375000000000e-01
7.451171875000000000e-01
4.619140625000000000e-01
