2.275390625000000000e-01
4.970703125000000000e-01
2.236328125000000000e-01
5.683593750000000000e-01
2.255859375000000000e-01
6.425781250000000000e-01
2.363281250000000000e-01
7.177734375000000000e-01
2.636718750000000000e-01
7.861328125000000000e-01
3.066406250000000000e-01
8.417968750000000000e-01
3.613281250000000000e-01
8.916015625000000000e-01
4.267578125000000000e-01
9.277343750000000000e-01
4.960937500000000000e-01
9.404296875000000000e-01
5.654296875000000000e-01
9.267578125000000000e-01
6.279296875000000000e-01
8.867187500000000000e-01
6.835937500000000000e-01
8.339843750000000000e-01
7.275390625000000000e-01
7.744140625000000000e-01
7.509765625000000000e-01
7.021484375000000000e-01
7.646484375000000000e-01
6.269531250000000000e-01
7.763671875000000000e-01
5.498046875000000000e-01
7.802734375000000000e-01
4.736328125000000000e-01
