2.255859375000000000e-01
4.609375000000000000e-01
2.392578125000000000e-01
5.332031250000000000e-01
2.587890625000000000e-01
6.005859375000000000e-01
2.773437500000000000e-01
6.660156250000000000e-01
3.007812500000000000e-01
7.275390625000000000e-01
3.378906250000000000e-01
7.792968750000000000e-01
3.896484375000000000e-01
8.203125000000000000e-01
4.443359375000000000e-01
8.525390625000000000e-01
5.029296875000000000e-01
8.632812500000000000e-01
5.625000000000000000e-01
8.505859375000000000e-01
6.220703125000000000e-01
8.164062500000000000e-01
6.767578125000000000e-01
7.763671875000000000e-01
7.177734375000000000e-01
7.275390625000000000e-01
7.470703125000000000e-01
6.669921875000000000e-01
7.646484375000000000e-01
5.996093750000000000e-01
7.812500000000000000e-01
5.322265625000000000e-01
7.929687500000000000e-01
4.609375000000000000e-01
