2.089843750000000000e-01
4.433593750000000000e-01
2.187500000000000000e-01
5.185546875000000000e-01
2.333984375000000000e-01
5.937500000000000000e-01
2.500000000000000000e-01
6.669921875000000000e-01
2.802734375000000000e-01
7.343750000000000000e-01
3.261718750000000000e-01
7.929687500000000000e-01
3.789062500000000000e-01
8.447265625000000000e-01
4.355468750000000000e-01
8.876953125000000000e-01
5.000000000000000000e-01
9.003906250000000000e-01
5.615234375000000000e-01
8.847656250000000000e-01
6.132812500000000000e-01
8.427734375000000000e-01
6.572265625000000000e-01
7.910156250000000000e-01
6.962890625000000000e-01
7.343750000000000000e-01
7.226562500000000000e-01
6.699218750000000000e-01
7.382812500000000000e-01
6.005859375000000000e-01
7.509765625000000000e-01
5.292968750000000000e-01
7.578125000000000000e-01
4.560546875000000000e-01
