2.617187500000000000e-01
4.765625000000000000e-01
2.646484375000000000e-01
5.410156250000000000e-01
2.724609375000000000e-01
6.015625000000000000e-01
2.802734375000000000e-01
6.650390625000000000e-01
2.890625000000000000e-01
7.324218750000000000e-01
3.134765625000000000e-01
7.929687500000000000e-01
3.593750000000000000e-01
8.437500000000000000e-01
4.140625000000000000e-01
8.867187500000000000e-01
4.755859375000000000e-01
9.072265625000000000e-01
5.449218750000000000e-01
9.062500000000000000e-01
6.181640625000000000e-01
8.769531250000000000e-01
6.865234375000000000e-01
8.300781250000000000e-01
7.382812500000000000e-01
7.685546875000000000e-01
7.724609375000000000e-01
6.923828125000000000e-01
7.939453125000000000e-01
6.152343750000000000e-01
8.105468750000000000e-01
5.390625000000000000e-01
8.242187500000000000e-01
4.560546875000000000e-01
