2.294921875000000000e-01
4.804687500000000000e-01
2.255859375000000000e-01
5.517578125000000000e-01
2.285156250000000000e-01
6.220703125000000000e-01
2.382812500000000000e-01
6.962890625000000000e-01
2.636718750000000000e-01
7.646484375000000000e-01
3.056640625000000000e-01
8.281250000000000000e-01
3.574218750000000000e-01
8.828125000000000000e-01
4.218750000000000000e-01
9.228515625000000000e-01
5.000000000000000000e-01
9.375000000000000000e-01
5.771484375000000000e-01
9.238281250000000000e-01
6.425781250000000000e-01
8.837890625000000000e-01
6.953125000000000000e-01
8.349609375000000000e-01
7.392578125000000000e-01
7.744140625000000000e-01
7.656250000000000000e-01
7.041015625000000000e-01
7.783203125000000000e-01
6.279296875000000000e-01
7.832031250000000000e-01
5.556640625000000000e-01
7.822265625000000000e-01
4.833984375000000000e-01
