1.855468750000000000e-01
4.951171875000000000e-01
1.923828125000000000e-01
5.693359375000000000e-01
2.041015625000000000e-01
6.425781250000000000e-01
2.216796875000000000e-01
7.128906250000000000e-01
2.558593750000000000e-01
7.724609375000000000e-01
3.027343750000000000e-01
8.212890625000000000e-01
3.632812500000000000e-01
8.593750000000000000e-01
4.277343750000000000e-01
8.876953125000000000e-01
4.931640625000000000e-01
8.955078125000000000e-01
5.546875000000000000e-01
8.798828125000000000e-01
6.083984375000000000e-01
8.427734375000000000e-01
6.601562500000000000e-01
7.998046875000000000e-01
6.992187500000000000e-01
7.490234375000000000e-01
7.236328125000000000e-01
6.904296875000000000e-01
7.353515625000000000e-01
6.250000000000000000e-01
7.451171875000000000e-01
5.595703125000000000e-01
7.480468750000000000e-01
4.912109375000000000e-01
