2.363281250000000000e-01
4.687500000000000000e-01
2.421875000000000000e-01
5.439453125000000000e-01
2.509765625000000000e-01
6.201171875000000000e-01
2.636718750000000000e-01
6.953125000000000000e-01
2.832031250000000000e-01
7.666015625000000000e-01
3.212890625000000000e-01
8.300781250000000000e-01
3.701171875000000000e-01
8.847656250000000000e-01
4.296875000000000000e-01
9.296875000000000000e-01
5.009765625000000000e-01
9.472656250000000000e-01
5.781250000000000000e-01
9.365234375000000000e-01
6.523437500000000000e-01
8.964843750000000000e-01
7.158203125000000000e-01
8.447265625000000000e-01
7.656250000000000000e-01
7.841796875000000000e-01
7.929687500000000000e-01
7.109375000000000000e-01
8.056640625000000000e-01
6.308593750000000000e-01
8.105468750000000000e-01
5.507812500000000000e-01
8.164062500000000000e-01
4.687500000000000000e-01
