1.972656250000000000e-01
4.863281250000000000e-01
2.011718750000000000e-01
5.673828125000000000e-01
2.080078125000000000e-01
6.503906250000000000e-01
2.187500000000000000e-01
7.314453125000000000e-01
2.421875000000000000e-01
8.046875000000000000e-01
2.871093750000000000e-01
8.691406250000000000e-01
3.457031250000000000e-01
9.218750000000000000e-01
4.150390625000000000e-01
9.677734375000000000e-01
4.970703125000000000e-01
9.824218750000000000e-01
5.791015625000000000e-01
9.658203125000000000e-01
6.503906250000000000e-01
9.189453125000000000e-01
7.070312500000000000e-01
8.613281250000000000e-01
7.529296875000000000e-01
7.939453125000000000e-01
7.744140625000000000e-01
7.167968750000000000e-01
7.822265625000000000e-01
6.347656250000000000e-01
7.861328125000000000e-01
5.527343750000000000e-01
7.880859375000000000e-01
4.716796875000000000e-01
