1.894531250000000000e-01
4.736328125000000000e-01
1.923828125000000000e-01
5.478515625000000000e-01
2.011718750000000000e-01
6.220703125000000000e-01
2.148437500000000000e-01
6.953125000000000000e-01
2.392578125000000000e-01
7.636718750000000000e-01
2.871093750000000000e-01
8.222656250000000000e-01
3.486328125000000000e-01
8.710937500000000000e-01
4.208984375000000000e-01
9.062500000000000000e-01
4.990234375000000000e-01
9.150390625000000000e-01
5.732421875000000000e-01
9.003906250000000000e-01
6.337890625000000000e-01
8.583984375000000000e-01
6.835937500000000000e-01
8.066406250000000000e-01
7.197265625000000000e-01
7.460937500000000000e-01
7.373046875000000000e-01
6.787109375000000000e-01
7.480468750000000000e-01
6.103515625000000000e-01
7.558593750000000000e-01
5.419921875000000000e-01
7.578125000000000000e-01
4.736328125000000000e-01
