2.353515625000000000e-01
4.697265625000000000e-01
2.431640625000000000e-01
5.380859375000000000e-01
2.578125000000000000e-01
6.025390625000000000e-01
2.714843750000000000e-01
6.669921875000000000e-01
2.900390625000000000e-01
7.314453125000000000e-01
3.261718750000000000e-01
7.861328125000000000e-01
3.759765625000000000e-01
8.320312500000000000e-01
4.335937500000000000e-01
8.701171875000000000e-01
5.000000000000000000e-01
8.847656250000000000e-01
5.712890625000000000e-01
8.740234375000000000e-01
6.396484375000000000e-01
8.417968750000000000e-01
7.041015625000000000e-01
8.007812500000000000e-01
7.500000000000000000e-01
7.480468750000000000e-01
7.763671875000000000e-01
6.787109375000000000e-01
7.900390625000000000e-01
6.064453125000000000e-01
8.066406250000000000e-01
5.341796875000000000e-01
8.193359375000000000e-01
4.589843750000000000e-01
