2.451171875000000000e-01
4.902343750000000000e-01
2.451171875000000000e-01
5.595703125000000000e-01
2.578125000000000000e-01
6.279296875000000000e-01
2.714843750000000000e-01
6.953125000000000000e-01
2.958984375000000000e-01
7.587890625000000000e-01
3.339843750000000000e-01
8.115234375000000000e-01
3.837890625000000000e-01
8.574218750000000000e-01
4.394531250000000000e-01
8.945312500000000000e-01
5.039062500000000000e-01
9.072265625000000000e-01
5.693359375000000000e-01
8.935546875000000000e-01
6.328125000000000000e-01
8.554687500000000000e-01
6.894531250000000000e-01
8.056640625000000000e-01
7.333984375000000000e-01
7.490234375000000000e-01
7.578125000000000000e-01
6.835937500000000000e-01
7.714843750000000000e-01
6.123046875000000000e-01
7.822265625000000000e-01
5.410156250000000000e-01
7.851562500000000000e-01
4.677734375000000000e-01
