8.789062500000000000e-02
4.677734375000000000e-01
9.277343750000000000e-02
5.527343750000000000e-01
1.005859375000000000e-01
6.386718750000000000e-01
1.269531250000000000e-01
7.177734375000000000e-01
1.757812500000000000e-01
7.871093750000000000e-01
2.421875000000000000e-01
8.447265625000000000e-01
3.193359375000000000e-01
8.896484375000000000e-01
4.013671875000000000e-01
9.208984375000000000e-01
4.804687500000000000e-01
9.287109375000000000e-01
5.449218750000000000e-01
9.121093750000000000e-01
5.947265625000000000e-01
8.662109375000000000e-01
6.376953125000000000e-01
8.144531250000000000e-01
6.728515625000000000e-01
7.539062500000000000e-01
6.933593750000000000e-01
6.855468750000000000e-01
7.080078125000000000e-01
6.162109375000000000e-01
7.138671875000000000e-01
5.517578125000000000e-01
7.119140625000000000e-01
4.882812500000000000e-01
