1.630859375000000000e-01
4.892578125000000000e-01
1.660156250000000000e-01
5.644531250000000000e-01
1.708984375000000000e-01
6.376953125000000000e-01
1.914062500000000000e-01
7.138671875000000000e-01
2.343750000000000000e-01
7.802734375000000000e-01
2.919921875000000000e-01
8.378906250000000000e-01
3.642578125000000000e-01
8.828125000000000000e-01
4.423828125000000000e-01
9.169921875000000000e-01
5.185546875000000000e-01
9.287109375000000000e-01
5.849609375000000000e-01
9.160156250000000000e-01
6.289062500000000000e-01
8.681640625000000000e-01
6.572265625000000000e-01
8.085937500000000000e-01
6.777343750000000000e-01
7.470703125000000000e-01
6.894531250000000000e-01
6.826171875000000000e-01
6.982421875000000000e-01
6.191406250000000000e-01
7.011718750000000000e-01
5.585937500000000000e-01
6.982421875000000000e-01
5.009765625000000000e-01
