2.304687500000000000e-01
4.648437500000000000e-01
2.353515625000000000e-01
5.400390625000000000e-01
2.470703125000000000e-01
6.123046875000000000e-01
2.578125000000000000e-01
6.845703125000000000e-01
2.822265625000000000e-01
7.500000000000000000e-01
3.232421875000000000e-01
8.085937500000000000e-01
3.779296875000000000e-01
8.583984375000000000e-01
4.375000000000000000e-01
8.994140625000000000e-01
5.000000000000000000e-01
9.111328125000000000e-01
5.634765625000000000e-01
8.984375000000000000e-01
6.250000000000000000e-01
8.564453125000000000e-01
6.787109375000000000e-01
8.066406250000000000e-01
7.226562500000000000e-01
7.500000000000000000e-01
7.509765625000000000e-01
6.826171875000000000e-01
7.675781250000000000e-01
6.123046875000000000e-01
7.792968750000000000e-01
5.390625000000000000e-01
7.851562500000000000e-01
4.648437500000000000e-01
