2.539062500000000000e-01
4.560546875000000000e-01
2.607421875000000000e-01
5.283203125000000000e-01
2.685546875000000000e-01
5.986328125000000000e-01
2.812500000000000000e-01
6.689453125000000000e-01
3.076171875000000000e-01
7.324218750000000000e-01
3.496093750000000000e-01
7.880859375000000000e-01
3.925781250000000000e-01
8.388671875000000000e-01
4.404296875000000000e-01
8.857421875000000000e-01
4.980468750000000000e-01
9.013671875000000000e-01
5.566406250000000000e-01
8.896484375000000000e-01
6.093750000000000000e-01
8.457031250000000000e-01
6.572265625000000000e-01
7.949218750000000000e-01
7.041015625000000000e-01
7.392578125000000000e-01
7.363281250000000000e-01
6.738281250000000000e-01
7.539062500000000000e-01
6.025390625000000000e-01
7.666015625000000000e-01
5.273437500000000000e-01
7.753906250000000000e-01
4.501953125000000000e-01
