2.646484375000000000e-01
4.843750000000000000e-01
2.656250000000000000e-01
5.517578125000000000e-01
2.714843750000000000e-01
6.171875000000000000e-01
2.812500000000000000e-01
6.835937500000000000e-01
2.988281250000000000e-01
7.470703125000000000e-01
3.320312500000000000e-01
8.056640625000000000e-01
3.769531250000000000e-01
8.535156250000000000e-01
4.316406250000000000e-01
8.925781250000000000e-01
5.000000000000000000e-01
9.052734375000000000e-01
5.722656250000000000e-01
8.935546875000000000e-01
6.406250000000000000e-01
8.574218750000000000e-01
7.001953125000000000e-01
8.134765625000000000e-01
7.500000000000000000e-01
7.578125000000000000e-01
7.792968750000000000e-01
6.933593750000000000e-01
7.949218750000000000e-01
6.250000000000000000e-01
8.027343750000000000e-01
5.546875000000000000e-01
8.095703125000000000e-01
4.843750000000000000e-01
