2.304687500000000000e-01
4.443359375000000000e-01
2.402343750000000000e-01
5.166015625000000000e-01
2.558593750000000000e-01
5.849609375000000000e-01
2.646484375000000000e-01
6.533203125000000000e-01
2.861328125000000000e-01
7.158203125000000000e-01
3.281250000000000000e-01
7.666015625000000000e-01
3.867187500000000000e-01
8.095703125000000000e-01
4.472656250000000000e-01
8.437500000000000000e-01
5.087890625000000000e-01
8.544921875000000000e-01
5.712890625000000000e-01
8.427734375000000000e-01
6.298828125000000000e-01
8.046875000000000000e-01
6.835937500000000000e-01
7.626953125000000000e-01
7.246093750000000000e-01
7.119140625000000000e-01
7.460937500000000000e-01
6.494140625000000000e-01
7.587890625000000000e-01
5.839843750000000000e-01
7.724609375000000000e-01
5.166015625000000000e-01
7.802734375000000000e-01
4.462890625000000000e-01
