2.421875000000000000e-01
5.009765625000000000e-01
2.470703125000000000e-01
5.644531250000000000e-01
2.568359375000000000e-01
6.289062500000000000e-01
2.724609375000000000e-01
6.923828125000000000e-01
2.988281250000000000e-01
7.490234375000000000e-01
3.369140625000000000e-01
7.968750000000000000e-01
3.828125000000000000e-01
8.388671875000000000e-01
4.355468750000000000e-01
8.730468750000000000e-01
4.960937500000000000e-01
8.847656250000000000e-01
5.595703125000000000e-01
8.750000000000000000e-01
6.171875000000000000e-01
8.417968750000000000e-01
6.689453125000000000e-01
7.988281250000000000e-01
7.099609375000000000e-01
7.451171875000000000e-01
7.363281250000000000e-01
6.845703125000000000e-01
7.529296875000000000e-01
6.171875000000000000e-01
7.626953125000000000e-01
5.498046875000000000e-01
7.675781250000000000e-01
4.824218750000000000e-01
