1.640625000000000000e-01
5.087890625000000000e-01
1.689453125000000000e-01
5.800781250000000000e-01
1.767578125000000000e-01
6.503906250000000000e-01
1.865234375000000000e-01
7.216796875000000000e-01
2.187500000000000000e-01
7.861328125000000000e-01
2.783203125000000000e-01
8.378906250000000000e-01
3.535156250000000000e-01
8.710937500000000000e-01
4.306640625000000000e-01
8.964843750000000000e-01
5.078125000000000000e-01
9.052734375000000000e-01
5.781250000000000000e-01
8.955078125000000000e-01
6.386718750000000000e-01
8.652343750000000000e-01
6.884765625000000000e-01
8.222656250000000000e-01
7.197265625000000000e-01
7.646484375000000000e-01
7.343750000000000000e-01
6.982421875000000000e-01
7.431640625000000000e-01
6.308593750000000000e-01
7.470703125000000000e-01
5.625000000000000000e-01
7.412109375000000000e-01
4.980468750000000000e-01
