2.255859375000000000e-01
4.492187500000000000e-01
2.314453125000000000e-01
5.234375000000000000e-01
2.470703125000000000e-01
5.957031250000000000e-01
2.636718750000000000e-01
6.660156250000000000e-01
2.900390625000000000e-01
7.324218750000000000e-01
3.339843750000000000e-01
7.900390625000000000e-01
3.867187500000000000e-01
8.398437500000000000e-01
4.443359375000000000e-01
8.798828125000000000e-01
5.078125000000000000e-01
8.876953125000000000e-01
5.693359375000000000e-01
8.710937500000000000e-01
6.230468750000000000e-01
8.291015625000000000e-01
6.728515625000000000e-01
7.812500000000000000e-01
7.158203125000000000e-01
7.314453125000000000e-01
7.392578125000000000e-01
6.689453125000000000e-01
7.470703125000000000e-01
6.015625000000000000e-01
7.548828125000000000e-01
5.371093750000000000e-01
7.578125000000000000e-01
4.687500000000000000e-01
