2.705078125000000000e-01
4.804687500000000000e-01
2.626953125000000000e-01
5.458984375000000000e-01
2.666015625000000000e-01
6.113281250000000000e-01
2.783203125000000000e-01
6.787109375000000000e-01
2.958984375000000000e-01
7.441406250000000000e-01
3.261718750000000000e-01
8.046875000000000000e-01
3.701171875000000000e-01
8.613281250000000000e-01
4.228515625000000000e-01
9.121093750000000000e-01
4.853515625000000000e-01
9.335937500000000000e-01
5.595703125000000000e-01
9.248046875000000000e-01
6.367187500000000000e-01
8.916015625000000000e-01
7.060546875000000000e-01
8.427734375000000000e-01
7.607421875000000000e-01
7.792968750000000000e-01
7.929687500000000000e-01
7.041015625000000000e-01
8.095703125000000000e-01
6.250000000000000000e-01
8.212890625000000000e-01
5.458984375000000000e-01
8.271484375000000000e-01
4.658203125000000000e-01
