2.626953125000000000e-01
4.755859375000000000e-01
2.578125000000000000e-01
5.410156250000000000e-01
2.617187500000000000e-01
6.093750000000000000e-01
2.744140625000000000e-01
6.748046875000000000e-01
2.988281250000000000e-01
7.363281250000000000e-01
3.378906250000000000e-01
7.929687500000000000e-01
3.828125000000000000e-01
8.427734375000000000e-01
4.355468750000000000e-01
8.867187500000000000e-01
5.019531250000000000e-01
8.994140625000000000e-01
5.722656250000000000e-01
8.857421875000000000e-01
6.337890625000000000e-01
8.476562500000000000e-01
6.875000000000000000e-01
8.017578125000000000e-01
7.314453125000000000e-01
7.470703125000000000e-01
7.607421875000000000e-01
6.855468750000000000e-01
7.763671875000000000e-01
6.171875000000000000e-01
7.851562500000000000e-01
5.478515625000000000e-01
7.871093750000000000e-01
4.794921875000000000e-01
