1.992187500000000000e-01
5.009765625000000000e-01
1.992187500000000000e-01
5.820312500000000000e-01
2.099609375000000000e-01
6.601562500000000000e-01
2.255859375000000000e-01
7.382812500000000000e-01
2.578125000000000000e-01
8.105468750000000000e-01
3.066406250000000000e-01
8.769531250000000000e-01
3.671875000000000000e-01
9.316406250000000000e-01
4.375000000000000000e-01
9.746093750000000000e-01
5.058593750000000000e-01
9.863281250000000000e-01
5.693359375000000000e-01
9.667968750000000000e-01
6.230468750000000000e-01
9.140625000000000000e-01
6.679687500000000000e-01
8.496093750000000000e-01
7.050781250000000000e-01
7.802734375000000000e-01
7.294921875000000000e-01
7.060546875000000000e-01
7.431640625000000000e-01
6.318359375000000000e-01
7.509765625000000000e-01
5.566406250000000000e-01
7.460937500000000000e-01
4.824218750000000000e-01
