2.099609375000000000e-01
4.814453125000000000e-01
2.138671875000000000e-01
5.566406250000000000e-01
2.246093750000000000e-01
6.328125000000000000e-01
2.402343750000000000e-01
7.060546875000000000e-01
2.695312500000000000e-01
7.714843750000000000e-01
3.154296875000000000e-01
8.300781250000000000e-01
3.710937500000000000e-01
8.789062500000000000e-01
4.345703125000000000e-01
9.160156250000000000e-01
5.039062500000000000e-01
9.267578125000000000e-01
5.703125000000000000e-01
9.072265625000000000e-01
6.269531250000000000e-01
8.613281250000000000e-01
6.728515625000000000e-01
8.085937500000000000e-01
7.089843750000000000e-01
7.490234375000000000e-01
7.304687500000000000e-01
6.806640625000000000e-01
7.431640625000000000e-01
6.083984375000000000e-01
7.500000000000000000e-01
5.390625000000000000e-01
7.509765625000000000e-01
4.697265625000000000e-01
