2.109375000000000000e-01
4.667968750000000000e-01
2.207031250000000000e-01
5.429687500000000000e-01
2.363281250000000000e-01
6.142578125000000000e-01
2.539062500000000000e-01
6.855468750000000000e-01
2.802734375000000000e-01
7.500000000000000000e-01
3.203125000000000000e-01
8.085937500000000000e-01
3.720703125000000000e-01
8.564453125000000000e-01
4.296875000000000000e-01
8.955078125000000000e-01
4.921875000000000000e-01
9.101562500000000000e-01
5.546875000000000000e-01
8.925781250000000000e-01
6.093750000000000000e-01
8.486328125000000000e-01
6.601562500000000000e-01
7.988281250000000000e-01
7.001953125000000000e-01
7.412109375000000000e-01
7.265625000000000000e-01
6.767578125000000000e-01
7.421875000000000000e-01
6.064453125000000000e-01
7.558593750000000000e-01
5.371093750000000000e-01
7.646484375000000000e-01
4.648437500000000000e-01
