2.509765625000000000e-01
5.146484375000000000e-01
2.490234375000000000e-01
5.869140625000000000e-01
2.539062500000000000e-01
6.582031250000000000e-01
2.636718750000000000e-01
7.294921875000000000e-01
2.832031250000000000e-01
7.968750000000000000e-01
3.154296875000000000e-01
8.544921875000000000e-01
3.632812500000000000e-01
9.013671875000000000e-01
4.238281250000000000e-01
9.326171875000000000e-01
4.951171875000000000e-01
9.414062500000000000e-01
5.664062500000000000e-01
9.296875000000000000e-01
6.289062500000000000e-01
8.984375000000000000e-01
6.816406250000000000e-01
8.505859375000000000e-01
7.207031250000000000e-01
7.929687500000000000e-01
7.470703125000000000e-01
7.265625000000000000e-01
7.626953125000000000e-01
6.572265625000000000e-01
7.734375000000000000e-01
5.878906250000000000e-01
7.773437500000000000e-01
5.156250000000000000e-01
