2.324218750000000000e-01
4.433593750000000000e-01
2.412109375000000000e-01
5.146484375000000000e-01
2.548828125000000000e-01
5.820312500000000000e-01
2.705078125000000000e-01
6.464843750000000000e-01
2.978515625000000000e-01
7.050781250000000000e-01
3.427734375000000000e-01
7.539062500000000000e-01
3.906250000000000000e-01
8.027343750000000000e-01
4.423828125000000000e-01
8.457031250000000000e-01
5.000000000000000000e-01
8.564453125000000000e-01
5.585937500000000000e-01
8.476562500000000000e-01
6.123046875000000000e-01
8.095703125000000000e-01
6.601562500000000000e-01
7.636718750000000000e-01
7.031250000000000000e-01
7.148437500000000000e-01
7.373046875000000000e-01
6.591796875000000000e-01
7.578125000000000000e-01
5.947265625000000000e-01
7.724609375000000000e-01
5.273437500000000000e-01
7.812500000000000000e-01
4.560546875000000000e-01
