2.568359375000000000e-01
4.697265625000000000e-01
2.578125000000000000e-01
5.400390625000000000e-01
2.666015625000000000e-01
6.083984375000000000e-01
2.783203125000000000e-01
6.767578125000000000e-01
2.978515625000000000e-01
7.402343750000000000e-01
3.349609375000000000e-01
7.958984375000000000e-01
3.818359375000000000e-01
8.457031250000000000e-01
4.345703125000000000e-01
8.906250000000000000e-01
4.960937500000000000e-01
9.052734375000000000e-01
5.625000000000000000e-01
8.955078125000000000e-01
6.289062500000000000e-01
8.623046875000000000e-01
6.914062500000000000e-01
8.183593750000000000e-01
7.431640625000000000e-01
7.626953125000000000e-01
7.734375000000000000e-01
6.962890625000000000e-01
7.910156250000000000e-01
6.230468750000000000e-01
8.085937500000000000e-01
5.478515625000000000e-01
8.222656250000000000e-01
4.687500000000000000e-01
