2.343750000000000000e-01
4.755859375000000000e-01
2.363281250000000000e-01
5.439453125000000000e-01
2.412109375000000000e-01
6.132812500000000000e-01
2.519531250000000000e-01
6.835937500000000000e-01
2.763671875000000000e-01
7.470703125000000000e-01
3.134765625000000000e-01
8.037109375000000000e-01
3.632812500000000000e-01
8.554687500000000000e-01
4.238281250000000000e-01
8.994140625000000000e-01
4.960937500000000000e-01
9.140625000000000000e-01
5.722656250000000000e-01
9.013671875000000000e-01
6.425781250000000000e-01
8.623046875000000000e-01
7.041015625000000000e-01
8.144531250000000000e-01
7.519531250000000000e-01
7.587890625000000000e-01
7.792968750000000000e-01
6.933593750000000000e-01
7.919921875000000000e-01
6.210937500000000000e-01
7.978515625000000000e-01
5.507812500000000000e-01
8.007812500000000000e-01
4.804687500000000000e-01
