1.884765625000000000e-01
5.009765625000000000e-01
1.894531250000000000e-01
5.761718750000000000e-01
1.982421875000000000e-01
6.523437500000000000e-01
2.158203125000000000e-01
7.265625000000000000e-01
2.470703125000000000e-01
7.958984375000000000e-01
2.998046875000000000e-01
8.554687500000000000e-01
3.642578125000000000e-01
9.033203125000000000e-01
4.345703125000000000e-01
9.384765625000000000e-01
5.097656250000000000e-01
9.482421875000000000e-01
5.791015625000000000e-01
9.296875000000000000e-01
6.416015625000000000e-01
8.847656250000000000e-01
6.943359375000000000e-01
8.291015625000000000e-01
7.333984375000000000e-01
7.666015625000000000e-01
7.548828125000000000e-01
6.962890625000000000e-01
7.636718750000000000e-01
6.230468750000000000e-01
7.656250000000000000e-01
5.517578125000000000e-01
7.607421875000000000e-01
4.843750000000000000e-01
