2.412109375000000000e-01
4.970703125000000000e-01
2.363281250000000000e-01
5.615234375000000000e-01
2.421875000000000000e-01
6.250000000000000000e-01
2.500000000000000000e-01
6.904296875000000000e-01
2.656250000000000000e-01
7.539062500000000000e-01
3.007812500000000000e-01
8.105468750000000000e-01
3.564453125000000000e-01
8.544921875000000000e-01
4.199218750000000000e-01
8.818359375000000000e-01
4.921875000000000000e-01
8.925781250000000000e-01
5.634765625000000000e-01
8.828125000000000000e-01
6.318359375000000000e-01
8.574218750000000000e-01
6.933593750000000000e-01
8.183593750000000000e-01
7.353515625000000000e-01
7.666015625000000000e-01
7.558593750000000000e-01
7.021484375000000000e-01
7.656250000000000000e-01
6.347656250000000000e-01
7.705078125000000000e-01
5.683593750000000000e-01
7.656250000000000000e-01
5.039062500000000000e-01
