2.158203125000000000e-01
5.146484375000000000e-01
2.207031250000000000e-01
5.849609375000000000e-01
2.294921875000000000e-01
6.572265625000000000e-01
2.421875000000000000e-01
7.294921875000000000e-01
2.675781250000000000e-01
7.958984375000000000e-01
3.134765625000000000e-01
8.535156250000000000e-01
3.740234375000000000e-01
9.023437500000000000e-01
4.423828125000000000e-01
9.384765625000000000e-01
5.146484375000000000e-01
9.492187500000000000e-01
5.859375000000000000e-01
9.326171875000000000e-01
6.503906250000000000e-01
8.896484375000000000e-01
7.031250000000000000e-01
8.388671875000000000e-01
7.421875000000000000e-01
7.792968750000000000e-01
7.617187500000000000e-01
7.119140625000000000e-01
7.695312500000000000e-01
6.416015625000000000e-01
7.734375000000000000e-01
5.751953125000000000e-01
7.705078125000000000e-01
5.058593750000000000e-01
