2.587890625000000000e-01
4.746093750000000000e-01
2.626953125000000000e-01
5.400390625000000000e-01
2.753906250000000000e-01
6.044921875000000000e-01
2.890625000000000000e-01
6.679687500000000000e-01
3.076171875000000000e-01
7.314453125000000000e-01
3.378906250000000000e-01
7.919921875000000000e-01
3.789062500000000000e-01
8.447265625000000000e-01
4.316406250000000000e-01
8.876953125000000000e-01
4.970703125000000000e-01
9.042968750000000000e-01
5.673828125000000000e-01
8.984375000000000000e-01
6.328125000000000000e-01
8.681640625000000000e-01
6.884765625000000000e-01
8.203125000000000000e-01
7.275390625000000000e-01
7.607421875000000000e-01
7.519531250000000000e-01
6.933593750000000000e-01
7.675781250000000000e-01
6.230468750000000000e-01
7.783203125000000000e-01
5.517578125000000000e-01
7.832031250000000000e-01
4.794921875000000000e-01
