2.314453125000000000e-01
4.746093750000000000e-01
2.343750000000000000e-01
5.488281250000000000e-01
2.470703125000000000e-01
6.230468750000000000e-01
2.646484375000000000e-01
6.933593750000000000e-01
2.890625000000000000e-01
7.626953125000000000e-01
3.251953125000000000e-01
8.242187500000000000e-01
3.740234375000000000e-01
8.750000000000000000e-01
4.316406250000000000e-01
9.121093750000000000e-01
4.980468750000000000e-01
9.228515625000000000e-01
5.683593750000000000e-01
9.101562500000000000e-01
6.357421875000000000e-01
8.769531250000000000e-01
6.943359375000000000e-01
8.281250000000000000e-01
7.392578125000000000e-01
7.666015625000000000e-01
7.656250000000000000e-01
6.972656250000000000e-01
7.812500000000000000e-01
6.230468750000000000e-01
7.910156250000000000e-01
5.498046875000000000e-01
7.939453125000000000e-01
4.746093750000000000e-01
