2.460937500000000000e-01
4.814453125000000000e-01
2.441406250000000000e-01
5.488281250000000000e-01
2.470703125000000000e-01
6.181640625000000000e-01
2.578125000000000000e-01
6.875000000000000000e-01
2.841796875000000000e-01
7.500000000000000000e-01
3.281250000000000000e-01
8.056640625000000000e-01
3.808593750000000000e-01
8.574218750000000000e-01
4.326171875000000000e-01
9.091796875000000000e-01
4.970703125000000000e-01
9.277343750000000000e-01
5.644531250000000000e-01
9.189453125000000000e-01
6.289062500000000000e-01
8.808593750000000000e-01
6.923828125000000000e-01
8.320312500000000000e-01
7.470703125000000000e-01
7.714843750000000000e-01
7.822265625000000000e-01
7.031250000000000000e-01
7.998046875000000000e-01
6.289062500000000000e-01
8.095703125000000000e-01
5.527343750000000000e-01
8.164062500000000000e-01
4.746093750000000000e-01
