1.923828125000000000e-01
4.326171875000000000e-01
2.021484375000000000e-01
5.146484375000000000e-01
2.177734375000000000e-01
5.947265625000000000e-01
2.431640625000000000e-01
6.708984375000000000e-01
2.753906250000000000e-01
7.402343750000000000e-01
3.242187500000000000e-01
7.988281250000000000e-01
3.798828125000000000e-01
8.417968750000000000e-01
4.365234375000000000e-01
8.740234375000000000e-01
4.990234375000000000e-01
8.837890625000000000e-01
5.566406250000000000e-01
8.681640625000000000e-01
6.054687500000000000e-01
8.271484375000000000e-01
6.533203125000000000e-01
7.783203125000000000e-01
6.923828125000000000e-01
7.216796875000000000e-01
7.197265625000000000e-01
6.562500000000000000e-01
7.382812500000000000e-01
5.859375000000000000e-01
7.519531250000000000e-01
5.156250000000000000e-01
7.597656250000000000e-01
4.423828125000000000e-01
