2.460937500000000000e-01
4.970703125000000000e-01
2.470703125000000000e-01
5.693359375000000000e-01
2.519531250000000000e-01
6.406250000000000000e-01
2.578125000000000000e-01
7.128906250000000000e-01
2.744140625000000000e-01
7.802734375000000000e-01
3.066406250000000000e-01
8.369140625000000000e-01
3.544921875000000000e-01
8.828125000000000000e-01
4.130859375000000000e-01
9.160156250000000000e-01
4.833984375000000000e-01
9.277343750000000000e-01
5.576171875000000000e-01
9.218750000000000000e-01
6.259765625000000000e-01
8.955078125000000000e-01
6.855468750000000000e-01
8.574218750000000000e-01
7.314453125000000000e-01
8.037109375000000000e-01
7.578125000000000000e-01
7.373046875000000000e-01
7.763671875000000000e-01
6.630859375000000000e-01
7.910156250000000000e-01
5.869140625000000000e-01
8.007812500000000000e-01
5.117187500000000000e-01
