2.167968750000000000e-01
5.263671875000000000e-01
2.207031250000000000e-01
5.917968750000000000e-01
2.304687500000000000e-01
6.562500000000000000e-01
2.412109375000000000e-01
7.246093750000000000e-01
2.626953125000000000e-01
7.861328125000000000e-01
3.046875000000000000e-01
8.378906250000000000e-01
3.623046875000000000e-01
8.779296875000000000e-01
4.267578125000000000e-01
9.101562500000000000e-01
4.970703125000000000e-01
9.228515625000000000e-01
5.673828125000000000e-01
9.140625000000000000e-01
6.298828125000000000e-01
8.857421875000000000e-01
6.875000000000000000e-01
8.476562500000000000e-01
7.314453125000000000e-01
7.949218750000000000e-01
7.578125000000000000e-01
7.304687500000000000e-01
7.714843750000000000e-01
6.591796875000000000e-01
7.812500000000000000e-01
5.888671875000000000e-01
7.880859375000000000e-01
5.185546875000000000e-01
