2.343750000000000000e-01
4.941406250000000000e-01
2.421875000000000000e-01
5.683593750000000000e-01
2.539062500000000000e-01
6.386718750000000000e-01
2.705078125000000000e-01
7.070312500000000000e-01
2.939453125000000000e-01
7.705078125000000000e-01
3.281250000000000000e-01
8.281250000000000000e-01
3.740234375000000000e-01
8.789062500000000000e-01
4.277343750000000000e-01
9.199218750000000000e-01
4.931640625000000000e-01
9.355468750000000000e-01
5.615234375000000000e-01
9.248046875000000000e-01
6.259765625000000000e-01
8.876953125000000000e-01
6.777343750000000000e-01
8.378906250000000000e-01
7.216796875000000000e-01
7.812500000000000000e-01
7.490234375000000000e-01
7.158203125000000000e-01
7.626953125000000000e-01
6.435546875000000000e-01
7.744140625000000000e-01
5.722656250000000000e-01
7.812500000000000000e-01
4.951171875000000000e-01
