2.490234375000000000e-01
5.410156250000000000e-01
2.480468750000000000e-01
6.054687500000000000e-01
2.500000000000000000e-01
6.718750000000000000e-01
2.568359375000000000e-01
7.382812500000000000e-01
2.783203125000000000e-01
7.968750000000000000e-01
3.193359375000000000e-01
8.457031250000000000e-01
3.730468750000000000e-01
8.818359375000000000e-01
4.287109375000000000e-01
9.111328125000000000e-01
4.980468750000000000e-01
9.208984375000000000e-01
5.703125000000000000e-01
9.121093750000000000e-01
6.367187500000000000e-01
8.847656250000000000e-01
6.972656250000000000e-01
8.466796875000000000e-01
7.431640625000000000e-01
7.949218750000000000e-01
7.714843750000000000e-01
7.304687500000000000e-01
7.861328125000000000e-01
6.601562500000000000e-01
7.910156250000000000e-01
5.898437500000000000e-01
7.949218750000000000e-01
5.185546875000000000e-01
