1.845703125000000000e-01
4.589843750000000000e-01
1.953125000000000000e-01
5.390625000000000000e-01
2.099609375000000000e-01
6.181640625000000000e-01
2.275390625000000000e-01
6.943359375000000000e-01
2.607421875000000000e-01
7.626953125000000000e-01
3.125000000000000000e-01
8.222656250000000000e-01
3.730468750000000000e-01
8.701171875000000000e-01
4.394531250000000000e-01
9.062500000000000000e-01
5.058593750000000000e-01
9.150390625000000000e-01
5.693359375000000000e-01
8.974609375000000000e-01
6.269531250000000000e-01
8.505859375000000000e-01
6.787109375000000000e-01
8.007812500000000000e-01
7.197265625000000000e-01
7.451171875000000000e-01
7.431640625000000000e-01
6.767578125000000000e-01
7.539062500000000000e-01
6.044921875000000000e-01
7.646484375000000000e-01
5.341796875000000000e-01
7.695312500000000000e-01
4.609375000000000000e-01
