2.128906250000000000e-01
4.501953125000000000e-01
2.158203125000000000e-01
5.292968750000000000e-01
2.207031250000000000e-01
6.074218750000000000e-01
2.294921875000000000e-01
6.845703125000000000e-01
2.558593750000000000e-01
7.568359375000000000e-01
3.017578125000000000e-01
8.212890625000000000e-01
3.574218750000000000e-01
8.779296875000000000e-01
4.238281250000000000e-01
9.238281250000000000e-01
5.000000000000000000e-01
9.384765625000000000e-01
5.732421875000000000e-01
9.228515625000000000e-01
6.308593750000000000e-01
8.730468750000000000e-01
6.787109375000000000e-01
8.164062500000000000e-01
7.216796875000000000e-01
7.548828125000000000e-01
7.519531250000000000e-01
6.855468750000000000e-01
7.675781250000000000e-01
6.093750000000000000e-01
7.734375000000000000e-01
5.322265625000000000e-01
7.724609375000000000e-01
4.550781250000000000e-01
