2.685546875000000000e-01
4.970703125000000000e-01
2.685546875000000000e-01
5.634765625000000000e-01
2.734375000000000000e-01
6.337890625000000000e-01
2.841796875000000000e-01
7.050781250000000000e-01
3.037109375000000000e-01
7.763671875000000000e-01
3.378906250000000000e-01
8.476562500000000000e-01
3.798828125000000000e-01
9.082031250000000000e-01
4.345703125000000000e-01
9.560546875000000000e-01
5.029296875000000000e-01
9.687500000000000000e-01
5.810546875000000000e-01
9.570312500000000000e-01
6.513671875000000000e-01
9.199218750000000000e-01
7.119140625000000000e-01
8.681640625000000000e-01
7.626953125000000000e-01
8.027343750000000000e-01
7.958984375000000000e-01
7.294921875000000000e-01
8.125000000000000000e-01
6.552734375000000000e-01
8.232421875000000000e-01
5.771484375000000000e-01
8.310546875000000000e-01
4.990234375000000000e-01
