2.451171875000000000e-01
4.736328125000000000e-01
2.470703125000000000e-01
5.410156250000000000e-01
2.548828125000000000e-01
6.074218750000000000e-01
2.636718750000000000e-01
6.738281250000000000e-01
2.890625000000000000e-01
7.363281250000000000e-01
3.291015625000000000e-01
7.871093750000000000e-01
3.837890625000000000e-01
8.281250000000000000e-01
4.384765625000000000e-01
8.671875000000000000e-01
4.980468750000000000e-01
8.828125000000000000e-01
5.546875000000000000e-01
8.720703125000000000e-01
6.093750000000000000e-01
8.408203125000000000e-01
6.621093750000000000e-01
8.046875000000000000e-01
7.099609375000000000e-01
7.597656250000000000e-01
7.412109375000000000e-01
7.011718750000000000e-01
7.578125000000000000e-01
6.337890625000000000e-01
7.734375000000000000e-01
5.644531250000000000e-01
7.841796875000000000e-01
4.921875000000000000e-01
