2.353515625000000000e-01
4.941406250000000000e-01
2.431640625000000000e-01
5.654296875000000000e-01
2.587890625000000000e-01
6.328125000000000000e-01
2.734375000000000000e-01
6.992187500000000000e-01
2.958984375000000000e-01
7.626953125000000000e-01
3.291015625000000000e-01
8.183593750000000000e-01
3.750000000000000000e-01
8.652343750000000000e-01
4.296875000000000000e-01
8.994140625000000000e-01
4.951171875000000000e-01
9.082031250000000000e-01
5.644531250000000000e-01
8.974609375000000000e-01
6.210937500000000000e-01
8.623046875000000000e-01
6.699218750000000000e-01
8.144531250000000000e-01
7.031250000000000000e-01
7.548828125000000000e-01
7.216796875000000000e-01
6.894531250000000000e-01
7.373046875000000000e-01
6.220703125000000000e-01
7.539062500000000000e-01
5.546875000000000000e-01
7.626953125000000000e-01
4.824218750000000000e-01
