2.714843750000000000e-01
4.833984375000000000e-01
2.724609375000000000e-01
5.517578125000000000e-01
2.812500000000000000e-01
6.230468750000000000e-01
2.978515625000000000e-01
6.962890625000000000e-01
3.212890625000000000e-01
7.626953125000000000e-01
3.583984375000000000e-01
8.261718750000000000e-01
4.003906250000000000e-01
8.818359375000000000e-01
4.521484375000000000e-01
9.238281250000000000e-01
5.205078125000000000e-01
9.345703125000000000e-01
5.976562500000000000e-01
9.199218750000000000e-01
6.708984375000000000e-01
8.808593750000000000e-01
7.343750000000000000e-01
8.310546875000000000e-01
7.802734375000000000e-01
7.695312500000000000e-01
8.027343750000000000e-01
6.972656250000000000e-01
8.134765625000000000e-01
6.210937500000000000e-01
8.183593750000000000e-01
5.439453125000000000e-01
8.193359375000000000e-01
4.687500000000000000e-01
