2.578125000000000000e-01
4.648437500000000000e-01
2.666015625000000000e-01
5.312500000000000000e-01
2.812500000000000000e-01
5.986328125000000000e-01
2.968750000000000000e-01
6.650390625000000000e-01
3.193359375000000000e-01
7.314453125000000000e-01
3.554687500000000000e-01
7.919921875000000000e-01
3.984375000000000000e-01
8.437500000000000000e-01
4.482421875000000000e-01
8.916015625000000000e-01
5.107421875000000000e-01
9.052734375000000000e-01
5.791015625000000000e-01
8.955078125000000000e-01
6.455078125000000000e-01
8.593750000000000000e-01
7.021484375000000000e-01
8.095703125000000000e-01
7.460937500000000000e-01
7.480468750000000000e-01
7.744140625000000000e-01
6.767578125000000000e-01
7.890625000000000000e-01
6.044921875000000000e-01
7.958984375000000000e-01
5.292968750000000000e-01
8.007812500000000000e-01
4.511718750000000000e-01
