1.923828125000000000e-01
4.384765625000000000e-01
1.992187500000000000e-01
5.166015625000000000e-01
2.109375000000000000e-01
5.976562500000000000e-01
2.304687500000000000e-01
6.728515625000000000e-01
2.666015625000000000e-01
7.382812500000000000e-01
3.203125000000000000e-01
7.910156250000000000e-01
3.798828125000000000e-01
8.320312500000000000e-01
4.394531250000000000e-01
8.642578125000000000e-01
5.000000000000000000e-01
8.710937500000000000e-01
5.556640625000000000e-01
8.554687500000000000e-01
6.074218750000000000e-01
8.164062500000000000e-01
6.582031250000000000e-01
7.734375000000000000e-01
7.041015625000000000e-01
7.226562500000000000e-01
7.353515625000000000e-01
6.611328125000000000e-01
7.500000000000000000e-01
5.888671875000000000e-01
7.597656250000000000e-01
5.166015625000000000e-01
7.656250000000000000e-01
4.414062500000000000e-01
