2.294921875000000000e-01
4.775390625000000000e-01
2.294921875000000000e-01
5.478515625000000000e-01
2.373046875000000000e-01
6.162109375000000000e-01
2.470703125000000000e-01
6.865234375000000000e-01
2.675781250000000000e-01
7.529296875000000000e-01
3.085937500000000000e-01
8.125000000000000000e-01
3.632812500000000000e-01
8.603515625000000000e-01
4.267578125000000000e-01
9.003906250000000000e-01
4.980468750000000000e-01
9.140625000000000000e-01
5.693359375000000000e-01
9.003906250000000000e-01
6.376953125000000000e-01
8.623046875000000000e-01
6.982421875000000000e-01
8.173828125000000000e-01
7.431640625000000000e-01
7.617187500000000000e-01
7.675781250000000000e-01
6.972656250000000000e-01
7.763671875000000000e-01
6.279296875000000000e-01
7.792968750000000000e-01
5.605468750000000000e-01
7.744140625000000000e-01
4.912109375000000000e-01
