2.099609375000000000e-01
4.394531250000000000e-01
2.226562500000000000e-01
5.205078125000000000e-01
2.373046875000000000e-01
5.976562500000000000e-01
2.548828125000000000e-01
6.728515625000000000e-01
2.900390625000000000e-01
7.363281250000000000e-01
3.398437500000000000e-01
7.910156250000000000e-01
3.916015625000000000e-01
8.388671875000000000e-01
4.453125000000000000e-01
8.808593750000000000e-01
5.039062500000000000e-01
8.925781250000000000e-01
5.625000000000000000e-01
8.789062500000000000e-01
6.132812500000000000e-01
8.330078125000000000e-01
6.650390625000000000e-01
7.871093750000000000e-01
7.128906250000000000e-01
7.353515625000000000e-01
7.490234375000000000e-01
6.728515625000000000e-01
7.685546875000000000e-01
6.005859375000000000e-01
7.812500000000000000e-01
5.253906250000000000e-01
7.900390625000000000e-01
4.492187500000000000e-01
