2.431640625000000000e-01
4.619140625000000000e-01
2.480468750000000000e-01
5.371093750000000000e-01
2.597656250000000000e-01
6.083984375000000000e-01
2.695312500000000000e-01
6.796875000000000000e-01
2.910156250000000000e-01
7.480468750000000000e-01
3.310546875000000000e-01
8.046875000000000000e-01
3.818359375000000000e-01
8.535156250000000000e-01
4.365234375000000000e-01
8.955078125000000000e-01
5.000000000000000000e-01
9.101562500000000000e-01
5.664062500000000000e-01
9.003906250000000000e-01
6.328125000000000000e-01
8.642578125000000000e-01
6.943359375000000000e-01
8.183593750000000000e-01
7.441406250000000000e-01
7.607421875000000000e-01
7.763671875000000000e-01
6.914062500000000000e-01
7.958984375000000000e-01
6.162109375000000000e-01
8.105468750000000000e-01
5.390625000000000000e-01
8.193359375000000000e-01
4.589843750000000000e-01
