2.050781250000000000e-01
4.951171875000000000e-01
2.089843750000000000e-01
5.625000000000000000e-01
2.177734375000000000e-01
6.298828125000000000e-01
2.353515625000000000e-01
6.972656250000000000e-01
2.626953125000000000e-01
7.626953125000000000e-01
3.095703125000000000e-01
8.193359375000000000e-01
3.652343750000000000e-01
8.691406250000000000e-01
4.296875000000000000e-01
9.082031250000000000e-01
5.009765625000000000e-01
9.189453125000000000e-01
5.673828125000000000e-01
9.023437500000000000e-01
6.240234375000000000e-01
8.564453125000000000e-01
6.708984375000000000e-01
8.037109375000000000e-01
7.109375000000000000e-01
7.480468750000000000e-01
7.353515625000000000e-01
6.855468750000000000e-01
7.451171875000000000e-01
6.210937500000000000e-01
7.480468750000000000e-01
5.615234375000000000e-01
7.460937500000000000e-01
5.019531250000000000e-01
