1.972656250000000000e-01
5.283203125000000000e-01
2.031250000000000000e-01
5.927734375000000000e-01
2.138671875000000000e-01
6.582031250000000000e-01
2.294921875000000000e-01
7.275390625000000000e-01
2.597656250000000000e-01
7.890625000000000000e-01
3.115234375000000000e-01
8.398437500000000000e-01
3.720703125000000000e-01
8.798828125000000000e-01
4.404296875000000000e-01
9.072265625000000000e-01
5.146484375000000000e-01
9.130859375000000000e-01
5.849609375000000000e-01
9.023437500000000000e-01
6.396484375000000000e-01
8.671875000000000000e-01
6.875000000000000000e-01
8.251953125000000000e-01
7.226562500000000000e-01
7.753906250000000000e-01
7.441406250000000000e-01
7.177734375000000000e-01
7.548828125000000000e-01
6.552734375000000000e-01
7.607421875000000000e-01
5.937500000000000000e-01
7.607421875000000000e-01
5.361328125000000000e-01
