1.367187500000000000e-01
4.746093750000000000e-01
1.484375000000000000e-01
5.556640625000000000e-01
1.640625000000000000e-01
6.328125000000000000e-01
1.865234375000000000e-01
7.060546875000000000e-01
2.255859375000000000e-01
7.724609375000000000e-01
2.822265625000000000e-01
8.242187500000000000e-01
3.525390625000000000e-01
8.642578125000000000e-01
4.228515625000000000e-01
8.925781250000000000e-01
4.882812500000000000e-01
8.974609375000000000e-01
5.429687500000000000e-01
8.789062500000000000e-01
5.917968750000000000e-01
8.359375000000000000e-01
6.406250000000000000e-01
7.919921875000000000e-01
6.787109375000000000e-01
7.402343750000000000e-01
7.031250000000000000e-01
6.796875000000000000e-01
7.167968750000000000e-01
6.162109375000000000e-01
7.226562500000000000e-01
5.527343750000000000e-01
7.226562500000000000e-01
4.873046875000000000e-01
