2.470703125000000000e-01
4.501953125000000000e-01
2.548828125000000000e-01
5.224609375000000000e-01
2.656250000000000000e-01
5.937500000000000000e-01
2.822265625000000000e-01
6.630859375000000000e-01
3.115234375000000000e-01
7.275390625000000000e-01
3.574218750000000000e-01
7.812500000000000000e-01
4.072265625000000000e-01
8.300781250000000000e-01
4.560546875000000000e-01
8.759765625000000000e-01
5.107421875000000000e-01
8.916015625000000000e-01
5.712890625000000000e-01
8.828125000000000000e-01
6.347656250000000000e-01
8.466796875000000000e-01
6.992187500000000000e-01
8.046875000000000000e-01
7.587890625000000000e-01
7.509765625000000000e-01
7.978515625000000000e-01
6.835937500000000000e-01
8.183593750000000000e-01
6.054687500000000000e-01
8.320312500000000000e-01
5.234375000000000000e-01
8.427734375000000000e-01
4.384765625000000000e-01
