2.382812500000000000e-01
4.951171875000000000e-01
2.382812500000000000e-01
5.664062500000000000e-01
2.451171875000000000e-01
6.367187500000000000e-01
2.548828125000000000e-01
7.080078125000000000e-01
2.773437500000000000e-01
7.744140625000000000e-01
3.164062500000000000e-01
8.310546875000000000e-01
3.671875000000000000e-01
8.837890625000000000e-01
4.257812500000000000e-01
9.335937500000000000e-01
4.902343750000000000e-01
9.541015625000000000e-01
5.566406250000000000e-01
9.443359375000000000e-01
6.250000000000000000e-01
9.072265625000000000e-01
6.865234375000000000e-01
8.593750000000000000e-01
7.421875000000000000e-01
8.027343750000000000e-01
7.773437500000000000e-01
7.343750000000000000e-01
8.017578125000000000e-01
6.582031250000000000e-01
8.173828125000000000e-01
5.781250000000000000e-01
8.300781250000000000e-01
4.970703125000000000e-01
