2.226562500000000000e-01
4.873046875000000000e-01
2.265625000000000000e-01
5.634765625000000000e-01
2.333984375000000000e-01
6.376953125000000000e-01
2.402343750000000000e-01
7.128906250000000000e-01
2.685546875000000000e-01
7.812500000000000000e-01
3.193359375000000000e-01
8.378906250000000000e-01
3.759765625000000000e-01
8.876953125000000000e-01
4.404296875000000000e-01
9.296875000000000000e-01
5.058593750000000000e-01
9.414062500000000000e-01
5.693359375000000000e-01
9.277343750000000000e-01
6.289062500000000000e-01
8.818359375000000000e-01
6.826171875000000000e-01
8.320312500000000000e-01
7.285156250000000000e-01
7.763671875000000000e-01
7.578125000000000000e-01
7.109375000000000000e-01
7.675781250000000000e-01
6.396484375000000000e-01
7.734375000000000000e-01
5.673828125000000000e-01
7.744140625000000000e-01
4.960937500000000000e-01
