2.333984375000000000e-01
4.941406250000000000e-01
2.392578125000000000e-01
5.654296875000000000e-01
2.490234375000000000e-01
6.347656250000000000e-01
2.597656250000000000e-01
7.050781250000000000e-01
2.783203125000000000e-01
7.734375000000000000e-01
3.125000000000000000e-01
8.320312500000000000e-01
3.652343750000000000e-01
8.779296875000000000e-01
4.267578125000000000e-01
9.130859375000000000e-01
5.019531250000000000e-01
9.228515625000000000e-01
5.791015625000000000e-01
9.101562500000000000e-01
6.484375000000000000e-01
8.759765625000000000e-01
7.080078125000000000e-01
8.281250000000000000e-01
7.500000000000000000e-01
7.685546875000000000e-01
7.724609375000000000e-01
6.992187500000000000e-01
7.832031250000000000e-01
6.279296875000000000e-01
7.880859375000000000e-01
5.576171875000000000e-01
7.919921875000000000e-01
4.863281250000000000e-01
