2.080078125000000000e-01
4.716796875000000000e-01
2.207031250000000000e-01
5.488281250000000000e-01
2.373046875000000000e-01
6.240234375000000000e-01
2.519531250000000000e-01
6.972656250000000000e-01
2.812500000000000000e-01
7.607421875000000000e-01
3.291015625000000000e-01
8.105468750000000000e-01
3.867187500000000000e-01
8.525390625000000000e-01
4.433593750000000000e-01
8.916015625000000000e-01
5.019531250000000000e-01
9.033203125000000000e-01
5.605468750000000000e-01
8.906250000000000000e-01
6.152343750000000000e-01
8.505859375000000000e-01
6.718750000000000000e-01
8.085937500000000000e-01
7.207031250000000000e-01
7.597656250000000000e-01
7.490234375000000000e-01
6.962890625000000000e-01
7.617187500000000000e-01
6.230468750000000000e-01
7.744140625000000000e-01
5.507812500000000000e-01
7.871093750000000000e-01
4.736328125000000000e-01
