1.611328125000000000e-01
5.244140625000000000e-01
1.640625000000000000e-01
6.054687500000000000e-01
1.728515625000000000e-01
6.845703125000000000e-01
1.923828125000000000e-01
7.597656250000000000e-01
2.294921875000000000e-01
8.242187500000000000e-01
2.890625000000000000e-01
8.750000000000000000e-01
3.603515625000000000e-01
9.091796875000000000e-01
4.394531250000000000e-01
9.345703125000000000e-01
5.166015625000000000e-01
9.394531250000000000e-01
5.849609375000000000e-01
9.218750000000000000e-01
6.328125000000000000e-01
8.779296875000000000e-01
6.679687500000000000e-01
8.300781250000000000e-01
6.933593750000000000e-01
7.724609375000000000e-01
7.060546875000000000e-01
7.070312500000000000e-01
7.148437500000000000e-01
6.416015625000000000e-01
7.177734375000000000e-01
5.742187500000000000e-01
7.099609375000000000e-01
5.107421875000000000e-01
