2.431640625000000000e-01
4.843750000000000000e-01
2.431640625000000000e-01
5.566406250000000000e-01
2.519531250000000000e-01
6.269531250000000000e-01
2.626953125000000000e-01
6.962890625000000000e-01
2.890625000000000000e-01
7.607421875000000000e-01
3.320312500000000000e-01
8.164062500000000000e-01
3.847656250000000000e-01
8.652343750000000000e-01
4.433593750000000000e-01
9.042968750000000000e-01
5.048828125000000000e-01
9.169921875000000000e-01
5.664062500000000000e-01
9.033203125000000000e-01
6.250000000000000000e-01
8.652343750000000000e-01
6.806640625000000000e-01
8.183593750000000000e-01
7.246093750000000000e-01
7.626953125000000000e-01
7.509765625000000000e-01
6.972656250000000000e-01
7.636718750000000000e-01
6.279296875000000000e-01
7.705078125000000000e-01
5.556640625000000000e-01
7.705078125000000000e-01
4.853515625000000000e-01
