2.480468750000000000e-01
4.912109375000000000e-01
2.470703125000000000e-01
5.527343750000000000e-01
2.539062500000000000e-01
6.162109375000000000e-01
2.636718750000000000e-01
6.826171875000000000e-01
2.832031250000000000e-01
7.480468750000000000e-01
3.164062500000000000e-01
8.085937500000000000e-01
3.632812500000000000e-01
8.623046875000000000e-01
4.228515625000000000e-01
9.042968750000000000e-01
4.951171875000000000e-01
9.121093750000000000e-01
5.693359375000000000e-01
9.013671875000000000e-01
6.347656250000000000e-01
8.681640625000000000e-01
6.933593750000000000e-01
8.242187500000000000e-01
7.373046875000000000e-01
7.666015625000000000e-01
7.626953125000000000e-01
7.021484375000000000e-01
7.763671875000000000e-01
6.318359375000000000e-01
7.822265625000000000e-01
5.644531250000000000e-01
7.851562500000000000e-01
4.980468750000000000e-01
