2.734375000000000000e-01
4.931640625000000000e-01
2.636718750000000000e-01
5.625000000000000000e-01
2.646484375000000000e-01
6.347656250000000000e-01
2.744140625000000000e-01
7.089843750000000000e-01
2.939453125000000000e-01
7.822265625000000000e-01
3.281250000000000000e-01
8.505859375000000000e-01
3.750000000000000000e-01
9.111328125000000000e-01
4.296875000000000000e-01
9.609375000000000000e-01
4.960937500000000000e-01
9.804687500000000000e-01
5.703125000000000000e-01
9.716796875000000000e-01
6.435546875000000000e-01
9.375000000000000000e-01
7.119140625000000000e-01
8.916015625000000000e-01
7.724609375000000000e-01
8.330078125000000000e-01
8.144531250000000000e-01
7.656250000000000000e-01
8.359375000000000000e-01
6.875000000000000000e-01
8.417968750000000000e-01
6.015625000000000000e-01
8.427734375000000000e-01
5.175781250000000000e-01
