2.158203125000000000e-01
4.687500000000000000e-01
2.265625000000000000e-01
5.429687500000000000e-01
2.402343750000000000e-01
6.162109375000000000e-01
2.539062500000000000e-01
6.855468750000000000e-01
2.783203125000000000e-01
7.519531250000000000e-01
3.222656250000000000e-01
8.076171875000000000e-01
3.730468750000000000e-01
8.544921875000000000e-01
4.326171875000000000e-01
8.945312500000000000e-01
4.960937500000000000e-01
9.062500000000000000e-01
5.615234375000000000e-01
8.925781250000000000e-01
6.230468750000000000e-01
8.505859375000000000e-01
6.796875000000000000e-01
8.046875000000000000e-01
7.285156250000000000e-01
7.509765625000000000e-01
7.587890625000000000e-01
6.855468750000000000e-01
7.734375000000000000e-01
6.132812500000000000e-01
7.851562500000000000e-01
5.410156250000000000e-01
7.929687500000000000e-01
4.677734375000000000e-01
