2.089843750000000000e-01
4.638671875000000000e-01
2.148437500000000000e-01
5.419921875000000000e-01
2.255859375000000000e-01
6.191406250000000000e-01
2.392578125000000000e-01
6.923828125000000000e-01
2.656250000000000000e-01
7.587890625000000000e-01
3.095703125000000000e-01
8.164062500000000000e-01
3.671875000000000000e-01
8.652343750000000000e-01
4.277343750000000000e-01
9.023437500000000000e-01
4.990234375000000000e-01
9.111328125000000000e-01
5.664062500000000000e-01
8.984375000000000000e-01
6.289062500000000000e-01
8.564453125000000000e-01
6.816406250000000000e-01
8.056640625000000000e-01
7.187500000000000000e-01
7.460937500000000000e-01
7.382812500000000000e-01
6.767578125000000000e-01
7.529296875000000000e-01
6.054687500000000000e-01
7.636718750000000000e-01
5.332031250000000000e-01
7.685546875000000000e-01
4.609375000000000000e-01
