2.265625000000000000e-01
4.882812500000000000e-01
2.304687500000000000e-01
5.566406250000000000e-01
2.402343750000000000e-01
6.230468750000000000e-01
2.529296875000000000e-01
6.904296875000000000e-01
2.753906250000000000e-01
7.539062500000000000e-01
3.125000000000000000e-01
8.095703125000000000e-01
3.632812500000000000e-01
8.574218750000000000e-01
4.238281250000000000e-01
8.974609375000000000e-01
4.941406250000000000e-01
9.101562500000000000e-01
5.673828125000000000e-01
8.994140625000000000e-01
6.367187500000000000e-01
8.662109375000000000e-01
6.972656250000000000e-01
8.222656250000000000e-01
7.431640625000000000e-01
7.675781250000000000e-01
7.695312500000000000e-01
7.031250000000000000e-01
7.822265625000000000e-01
6.337890625000000000e-01
7.890625000000000000e-01
5.644531250000000000e-01
7.919921875000000000e-01
4.921875000000000000e-01
