2.431640625000000000e-01
5.136718750000000000e-01
2.490234375000000000e-01
5.859375000000000000e-01
2.587890625000000000e-01
6.572265625000000000e-01
2.675781250000000000e-01
7.246093750000000000e-01
2.890625000000000000e-01
7.900390625000000000e-01
3.232421875000000000e-01
8.466796875000000000e-01
3.720703125000000000e-01
8.925781250000000000e-01
4.287109375000000000e-01
9.287109375000000000e-01
4.980468750000000000e-01
9.394531250000000000e-01
5.683593750000000000e-01
9.277343750000000000e-01
6.337890625000000000e-01
8.935546875000000000e-01
6.894531250000000000e-01
8.496093750000000000e-01
7.314453125000000000e-01
7.958984375000000000e-01
7.587890625000000000e-01
7.314453125000000000e-01
7.753906250000000000e-01
6.630859375000000000e-01
7.812500000000000000e-01
5.937500000000000000e-01
7.832031250000000000e-01
5.234375000000000000e-01
