1.972656250000000000e-01
4.960937500000000000e-01
2.031250000000000000e-01
5.712890625000000000e-01
2.148437500000000000e-01
6.464843750000000000e-01
2.304687500000000000e-01
7.216796875000000000e-01
2.568359375000000000e-01
7.910156250000000000e-01
3.017578125000000000e-01
8.515625000000000000e-01
3.603515625000000000e-01
9.023437500000000000e-01
4.267578125000000000e-01
9.404296875000000000e-01
5.009765625000000000e-01
9.531250000000000000e-01
5.712890625000000000e-01
9.394531250000000000e-01
6.328125000000000000e-01
9.013671875000000000e-01
6.845703125000000000e-01
8.505859375000000000e-01
7.265625000000000000e-01
7.929687500000000000e-01
7.490234375000000000e-01
7.236328125000000000e-01
7.597656250000000000e-01
6.513671875000000000e-01
7.695312500000000000e-01
5.781250000000000000e-01
7.744140625000000000e-01
5.039062500000000000e-01
