1.816406250000000000e-01
4.990234375000000000e-01
1.835937500000000000e-01
5.761718750000000000e-01
1.884765625000000000e-01
6.542968750000000000e-01
1.982421875000000000e-01
7.314453125000000000e-01
2.216796875000000000e-01
8.046875000000000000e-01
2.705078125000000000e-01
8.642578125000000000e-01
3.388671875000000000e-01
9.111328125000000000e-01
4.189453125000000000e-01
9.443359375000000000e-01
5.019531250000000000e-01
9.521484375000000000e-01
5.761718750000000000e-01
9.384765625000000000e-01
6.357421875000000000e-01
8.955078125000000000e-01
6.796875000000000000e-01
8.378906250000000000e-01
7.060546875000000000e-01
7.705078125000000000e-01
7.187500000000000000e-01
6.982421875000000000e-01
7.255859375000000000e-01
6.298828125000000000e-01
7.265625000000000000e-01
5.644531250000000000e-01
7.177734375000000000e-01
5.019531250000000000e-01
