2.333984375000000000e-01
4.560546875000000000e-01
2.402343750000000000e-01
5.292968750000000000e-01
2.500000000000000000e-01
6.025390625000000000e-01
2.646484375000000000e-01
6.738281250000000000e-01
2.949218750000000000e-01
7.373046875000000000e-01
3.359375000000000000e-01
7.919921875000000000e-01
3.828125000000000000e-01
8.398437500000000000e-01
4.326171875000000000e-01
8.818359375000000000e-01
4.912109375000000000e-01
8.945312500000000000e-01
5.478515625000000000e-01
8.818359375000000000e-01
6.015625000000000000e-01
8.378906250000000000e-01
6.513671875000000000e-01
7.880859375000000000e-01
6.953125000000000000e-01
7.333984375000000000e-01
7.255859375000000000e-01
6.699218750000000000e-01
7.441406250000000000e-01
5.976562500000000000e-01
7.617187500000000000e-01
5.244140625000000000e-01
7.714843750000000000e-01
4.472656250000000000e-01
