2.148437500000000000e-01
4.609375000000000000e-01
2.187500000000000000e-01
5.390625000000000000e-01
2.294921875000000000e-01
6.162109375000000000e-01
2.431640625000000000e-01
6.914062500000000000e-01
2.695312500000000000e-01
7.597656250000000000e-01
3.144531250000000000e-01
8.173828125000000000e-01
3.681640625000000000e-01
8.681640625000000000e-01
4.316406250000000000e-01
9.121093750000000000e-01
5.000000000000000000e-01
9.267578125000000000e-01
5.693359375000000000e-01
9.121093750000000000e-01
6.337890625000000000e-01
8.671875000000000000e-01
6.923828125000000000e-01
8.144531250000000000e-01
7.382812500000000000e-01
7.548828125000000000e-01
7.646484375000000000e-01
6.855468750000000000e-01
7.753906250000000000e-01
6.103515625000000000e-01
7.832031250000000000e-01
5.351562500000000000e-01
7.861328125000000000e-01
4.589843750000000000e-01
