2.080078125000000000e-01
4.951171875000000000e-01
2.119140625000000000e-01
5.732421875000000000e-01
2.236328125000000000e-01
6.494140625000000000e-01
2.363281250000000000e-01
7.226562500000000000e-01
2.626953125000000000e-01
7.919921875000000000e-01
3.076171875000000000e-01
8.525390625000000000e-01
3.671875000000000000e-01
8.994140625000000000e-01
4.345703125000000000e-01
9.326171875000000000e-01
5.039062500000000000e-01
9.433593750000000000e-01
5.703125000000000000e-01
9.248046875000000000e-01
6.318359375000000000e-01
8.828125000000000000e-01
6.845703125000000000e-01
8.291015625000000000e-01
7.187500000000000000e-01
7.646484375000000000e-01
7.421875000000000000e-01
6.943359375000000000e-01
7.578125000000000000e-01
6.259765625000000000e-01
7.666015625000000000e-01
5.566406250000000000e-01
7.636718750000000000e-01
4.873046875000000000e-01
