2.031250000000000000e-01
4.970703125000000000e-01
2.158203125000000000e-01
5.742187500000000000e-01
2.285156250000000000e-01
6.445312500000000000e-01
2.441406250000000000e-01
7.089843750000000000e-01
2.773437500000000000e-01
7.685546875000000000e-01
3.271484375000000000e-01
8.183593750000000000e-01
3.818359375000000000e-01
8.574218750000000000e-01
4.462890625000000000e-01
8.955078125000000000e-01
5.126953125000000000e-01
9.013671875000000000e-01
5.751953125000000000e-01
8.837890625000000000e-01
6.347656250000000000e-01
8.408203125000000000e-01
6.796875000000000000e-01
7.939453125000000000e-01
7.177734375000000000e-01
7.392578125000000000e-01
7.412109375000000000e-01
6.757812500000000000e-01
7.529296875000000000e-01
6.093750000000000000e-01
7.597656250000000000e-01
5.410156250000000000e-01
7.646484375000000000e-01
4.687500000000000000e-01
