1.474609375000000000e-01
4.804687500000000000e-01
1.542968750000000000e-01
5.683593750000000000e-01
1.650390625000000000e-01
6.542968750000000000e-01
1.855468750000000000e-01
7.373046875000000000e-01
2.275390625000000000e-01
8.085937500000000000e-01
2.910156250000000000e-01
8.623046875000000000e-01
3.613281250000000000e-01
9.072265625000000000e-01
4.355468750000000000e-01
9.365234375000000000e-01
5.048828125000000000e-01
9.414062500000000000e-01
5.664062500000000000e-01
9.218750000000000000e-01
6.191406250000000000e-01
8.730468750000000000e-01
6.689453125000000000e-01
8.212890625000000000e-01
7.080078125000000000e-01
7.617187500000000000e-01
7.333984375000000000e-01
6.933593750000000000e-01
7.451171875000000000e-01
6.201171875000000000e-01
7.431640625000000000e-01
5.478515625000000000e-01
7.324218750000000000e-01
4.785156250000000000e-01
