2.197265625000000000e-01
4.609375000000000000e-01
2.246093750000000000e-01
5.361328125000000000e-01
2.333984375000000000e-01
6.123046875000000000e-01
2.480468750000000000e-01
6.855468750000000000e-01
2.773437500000000000e-01
7.519531250000000000e-01
3.242187500000000000e-01
8.076171875000000000e-01
3.789062500000000000e-01
8.525390625000000000e-01
4.365234375000000000e-01
8.925781250000000000e-01
4.990234375000000000e-01
9.072265625000000000e-01
5.654296875000000000e-01
8.964843750000000000e-01
6.279296875000000000e-01
8.564453125000000000e-01
6.865234375000000000e-01
8.085937500000000000e-01
7.373046875000000000e-01
7.539062500000000000e-01
7.724609375000000000e-01
6.875000000000000000e-01
7.890625000000000000e-01
6.113281250000000000e-01
7.968750000000000000e-01
5.332031250000000000e-01
8.007812500000000000e-01
4.560546875000000000e-01
