2.197265625000000000e-01
5.097656250000000000e-01
2.226562500000000000e-01
5.820312500000000000e-01
2.285156250000000000e-01
6.542968750000000000e-01
2.431640625000000000e-01
7.236328125000000000e-01
2.734375000000000000e-01
7.919921875000000000e-01
3.183593750000000000e-01
8.535156250000000000e-01
3.730468750000000000e-01
9.062500000000000000e-01
4.365234375000000000e-01
9.521484375000000000e-01
5.048828125000000000e-01
9.619140625000000000e-01
5.673828125000000000e-01
9.453125000000000000e-01
6.162109375000000000e-01
9.013671875000000000e-01
6.582031250000000000e-01
8.525390625000000000e-01
6.982421875000000000e-01
7.968750000000000000e-01
7.265625000000000000e-01
7.363281250000000000e-01
7.412109375000000000e-01
6.699218750000000000e-01
7.480468750000000000e-01
6.035156250000000000e-01
7.480468750000000000e-01
5.390625000000000000e-01
