1.484375000000000000e-01
4.306640625000000000e-01
1.533203125000000000e-01
5.136718750000000000e-01
1.640625000000000000e-01
5.957031250000000000e-01
1.796875000000000000e-01
6.767578125000000000e-01
2.158203125000000000e-01
7.490234375000000000e-01
2.744140625000000000e-01
8.125000000000000000e-01
3.437500000000000000e-01
8.603515625000000000e-01
4.208984375000000000e-01
8.955078125000000000e-01
4.892578125000000000e-01
9.013671875000000000e-01
5.488281250000000000e-01
8.828125000000000000e-01
5.976562500000000000e-01
8.339843750000000000e-01
6.464843750000000000e-01
7.841796875000000000e-01
6.855468750000000000e-01
7.285156250000000000e-01
7.080078125000000000e-01
6.660156250000000000e-01
7.246093750000000000e-01
5.996093750000000000e-01
7.353515625000000000e-01
5.332031250000000000e-01
7.343750000000000000e-01
4.658203125000000000e-01
