1.865234375000000000e-01
4.843750000000000000e-01
1.914062500000000000e-01
5.585937500000000000e-01
2.001953125000000000e-01
6.318359375000000000e-01
2.148437500000000000e-01
7.041015625000000000e-01
2.441406250000000000e-01
7.714843750000000000e-01
2.949218750000000000e-01
8.310546875000000000e-01
3.603515625000000000e-01
8.789062500000000000e-01
4.345703125000000000e-01
9.111328125000000000e-01
5.097656250000000000e-01
9.189453125000000000e-01
5.810546875000000000e-01
9.033203125000000000e-01
6.367187500000000000e-01
8.603515625000000000e-01
6.806640625000000000e-01
8.076171875000000000e-01
7.099609375000000000e-01
7.451171875000000000e-01
7.236328125000000000e-01
6.796875000000000000e-01
7.314453125000000000e-01
6.152343750000000000e-01
7.353515625000000000e-01
5.517578125000000000e-01
7.304687500000000000e-01
4.892578125000000000e-01
