2.421875000000000000e-01
4.951171875000000000e-01
2.382812500000000000e-01
5.625000000000000000e-01
2.412109375000000000e-01
6.328125000000000000e-01
2.509765625000000000e-01
7.031250000000000000e-01
2.705078125000000000e-01
7.744140625000000000e-01
3.027343750000000000e-01
8.408203125000000000e-01
3.505859375000000000e-01
8.984375000000000000e-01
4.150390625000000000e-01
9.423828125000000000e-01
4.941406250000000000e-01
9.580078125000000000e-01
5.781250000000000000e-01
9.453125000000000000e-01
6.552734375000000000e-01
9.130859375000000000e-01
7.197265625000000000e-01
8.671875000000000000e-01
7.705078125000000000e-01
8.076171875000000000e-01
7.988281250000000000e-01
7.373046875000000000e-01
8.134765625000000000e-01
6.621093750000000000e-01
8.183593750000000000e-01
5.849609375000000000e-01
8.193359375000000000e-01
5.078125000000000000e-01
