2.373046875000000000e-01
4.248046875000000000e-01
2.460937500000000000e-01
4.990234375000000000e-01
2.578125000000000000e-01
5.712890625000000000e-01
2.753906250000000000e-01
6.416015625000000000e-01
3.085937500000000000e-01
7.050781250000000000e-01
3.535156250000000000e-01
7.626953125000000000e-01
4.023437500000000000e-01
8.134765625000000000e-01
4.550781250000000000e-01
8.544921875000000000e-01
5.087890625000000000e-01
8.671875000000000000e-01
5.664062500000000000e-01
8.574218750000000000e-01
6.220703125000000000e-01
8.183593750000000000e-01
6.767578125000000000e-01
7.695312500000000000e-01
7.246093750000000000e-01
7.138671875000000000e-01
7.568359375000000000e-01
6.484375000000000000e-01
7.802734375000000000e-01
5.771484375000000000e-01
7.958984375000000000e-01
5.029296875000000000e-01
8.056640625000000000e-01
4.267578125000000000e-01
