1.923828125000000000e-01
4.404296875000000000e-01
2.031250000000000000e-01
5.195312500000000000e-01
2.197265625000000000e-01
5.966796875000000000e-01
2.373046875000000000e-01
6.699218750000000000e-01
2.666015625000000000e-01
7.392578125000000000e-01
3.125000000000000000e-01
7.968750000000000000e-01
3.710937500000000000e-01
8.457031250000000000e-01
4.365234375000000000e-01
8.818359375000000000e-01
5.039062500000000000e-01
8.906250000000000000e-01
5.703125000000000000e-01
8.720703125000000000e-01
6.289062500000000000e-01
8.300781250000000000e-01
6.806640625000000000e-01
7.802734375000000000e-01
7.187500000000000000e-01
7.246093750000000000e-01
7.431640625000000000e-01
6.601562500000000000e-01
7.568359375000000000e-01
5.927734375000000000e-01
7.695312500000000000e-01
5.253906250000000000e-01
7.753906250000000000e-01
4.541015625000000000e-01
