2.470703125000000000e-01
4.560546875000000000e-01
2.500000000000000000e-01
5.292968750000000000e-01
2.636718750000000000e-01
6.015625000000000000e-01
2.783203125000000000e-01
6.728515625000000000e-01
2.968750000000000000e-01
7.412109375000000000e-01
3.349609375000000000e-01
8.017578125000000000e-01
3.818359375000000000e-01
8.583984375000000000e-01
4.394531250000000000e-01
9.023437500000000000e-01
5.039062500000000000e-01
9.160156250000000000e-01
5.693359375000000000e-01
9.023437500000000000e-01
6.318359375000000000e-01
8.632812500000000000e-01
6.884765625000000000e-01
8.164062500000000000e-01
7.333984375000000000e-01
7.607421875000000000e-01
7.617187500000000000e-01
6.923828125000000000e-01
7.724609375000000000e-01
6.171875000000000000e-01
7.812500000000000000e-01
5.410156250000000000e-01
7.841796875000000000e-01
4.628906250000000000e-01
