2.031250000000000000e-01
4.785156250000000000e-01
2.080078125000000000e-01
5.468750000000000000e-01
2.167968750000000000e-01
6.142578125000000000e-01
2.285156250000000000e-01
6.875000000000000000e-01
2.500000000000000000e-01
7.568359375000000000e-01
2.929687500000000000e-01
8.212890625000000000e-01
3.525390625000000000e-01
8.769531250000000000e-01
4.267578125000000000e-01
9.121093750000000000e-01
5.048828125000000000e-01
9.228515625000000000e-01
5.781250000000000000e-01
9.121093750000000000e-01
6.406250000000000000e-01
8.759765625000000000e-01
6.884765625000000000e-01
8.232421875000000000e-01
7.197265625000000000e-01
7.607421875000000000e-01
7.343750000000000000e-01
6.923828125000000000e-01
7.451171875000000000e-01
6.220703125000000000e-01
7.548828125000000000e-01
5.546875000000000000e-01
7.568359375000000000e-01
4.873046875000000000e-01
