1.982421875000000000e-01
4.169921875000000000e-01
2.050781250000000000e-01
4.980468750000000000e-01
2.197265625000000000e-01
5.771484375000000000e-01
2.373046875000000000e-01
6.552734375000000000e-01
2.666015625000000000e-01
7.265625000000000000e-01
3.134765625000000000e-01
7.900390625000000000e-01
3.671875000000000000e-01
8.447265625000000000e-01
4.257812500000000000e-01
8.916015625000000000e-01
4.960937500000000000e-01
9.042968750000000000e-01
5.644531250000000000e-01
8.896484375000000000e-01
6.259765625000000000e-01
8.417968750000000000e-01
6.816406250000000000e-01
7.880859375000000000e-01
7.285156250000000000e-01
7.275390625000000000e-01
7.578125000000000000e-01
6.562500000000000000e-01
7.744140625000000000e-01
5.810546875000000000e-01
7.851562500000000000e-01
5.029296875000000000e-01
7.890625000000000000e-01
4.238281250000000000e-01
