2.050781250000000000e-01
4.726562500000000000e-01
2.148437500000000000e-01
5.449218750000000000e-01
2.285156250000000000e-01
6.162109375000000000e-01
2.402343750000000000e-01
6.875000000000000000e-01
2.666015625000000000e-01
7.519531250000000000e-01
3.125000000000000000e-01
8.027343750000000000e-01
3.701171875000000000e-01
8.466796875000000000e-01
4.335937500000000000e-01
8.828125000000000000e-01
4.951171875000000000e-01
8.935546875000000000e-01
5.566406250000000000e-01
8.798828125000000000e-01
6.162109375000000000e-01
8.417968750000000000e-01
6.699218750000000000e-01
7.968750000000000000e-01
7.109375000000000000e-01
7.451171875000000000e-01
7.353515625000000000e-01
6.796875000000000000e-01
7.470703125000000000e-01
6.103515625000000000e-01
7.597656250000000000e-01
5.410156250000000000e-01
7.695312500000000000e-01
4.707031250000000000e-01
