2.314453125000000000e-01
5.000000000000000000e-01
2.304687500000000000e-01
5.693359375000000000e-01
2.392578125000000000e-01
6.376953125000000000e-01
2.509765625000000000e-01
7.080078125000000000e-01
2.695312500000000000e-01
7.783203125000000000e-01
3.017578125000000000e-01
8.398437500000000000e-01
3.544921875000000000e-01
8.867187500000000000e-01
4.218750000000000000e-01
9.169921875000000000e-01
4.990234375000000000e-01
9.267578125000000000e-01
5.791015625000000000e-01
9.189453125000000000e-01
6.533203125000000000e-01
8.896484375000000000e-01
7.158203125000000000e-01
8.457031250000000000e-01
7.558593750000000000e-01
7.880859375000000000e-01
7.753906250000000000e-01
7.197265625000000000e-01
7.861328125000000000e-01
6.494140625000000000e-01
7.949218750000000000e-01
5.791015625000000000e-01
7.929687500000000000e-01
5.097656250000000000e-01
