2.236328125000000000e-01
4.892578125000000000e-01
2.226562500000000000e-01
5.654296875000000000e-01
2.304687500000000000e-01
6.416015625000000000e-01
2.421875000000000000e-01
7.177734375000000000e-01
2.666015625000000000e-01
7.890625000000000000e-01
3.134765625000000000e-01
8.535156250000000000e-01
3.701171875000000000e-01
9.082031250000000000e-01
4.345703125000000000e-01
9.531250000000000000e-01
5.019531250000000000e-01
9.697265625000000000e-01
5.703125000000000000e-01
9.541015625000000000e-01
6.376953125000000000e-01
9.121093750000000000e-01
6.953125000000000000e-01
8.603515625000000000e-01
7.392578125000000000e-01
7.968750000000000000e-01
7.646484375000000000e-01
7.255859375000000000e-01
7.773437500000000000e-01
6.484375000000000000e-01
7.851562500000000000e-01
5.722656250000000000e-01
7.841796875000000000e-01
4.960937500000000000e-01
