2.568359375000000000e-01
4.892578125000000000e-01
2.519531250000000000e-01
5.527343750000000000e-01
2.578125000000000000e-01
6.162109375000000000e-01
2.646484375000000000e-01
6.816406250000000000e-01
2.871093750000000000e-01
7.451171875000000000e-01
3.271484375000000000e-01
8.007812500000000000e-01
3.798828125000000000e-01
8.486328125000000000e-01
4.404296875000000000e-01
8.847656250000000000e-01
5.068359375000000000e-01
8.935546875000000000e-01
5.703125000000000000e-01
8.808593750000000000e-01
6.328125000000000000e-01
8.476562500000000000e-01
6.914062500000000000e-01
8.066406250000000000e-01
7.343750000000000000e-01
7.568359375000000000e-01
7.597656250000000000e-01
6.953125000000000000e-01
7.695312500000000000e-01
6.298828125000000000e-01
7.763671875000000000e-01
5.634765625000000000e-01
7.763671875000000000e-01
4.970703125000000000e-01
