1.962890625000000000e-01
4.443359375000000000e-01
2.050781250000000000e-01
5.244140625000000000e-01
2.216796875000000000e-01
6.025390625000000000e-01
2.373046875000000000e-01
6.777343750000000000e-01
2.656250000000000000e-01
7.460937500000000000e-01
3.125000000000000000e-01
8.066406250000000000e-01
3.701171875000000000e-01
8.564453125000000000e-01
4.355468750000000000e-01
8.974609375000000000e-01
5.019531250000000000e-01
9.091796875000000000e-01
5.673828125000000000e-01
8.906250000000000000e-01
6.250000000000000000e-01
8.427734375000000000e-01
6.767578125000000000e-01
7.919921875000000000e-01
7.187500000000000000e-01
7.353515625000000000e-01
7.412109375000000000e-01
6.669921875000000000e-01
7.519531250000000000e-01
5.947265625000000000e-01
7.626953125000000000e-01
5.224609375000000000e-01
7.666015625000000000e-01
4.472656250000000000e-01
