1.865234375000000000e-01
4.990234375000000000e-01
1.914062500000000000e-01
5.703125000000000000e-01
1.972656250000000000e-01
6.416015625000000000e-01
2.119140625000000000e-01
7.099609375000000000e-01
2.431640625000000000e-01
7.724609375000000000e-01
2.910156250000000000e-01
8.251953125000000000e-01
3.535156250000000000e-01
8.671875000000000000e-01
4.238281250000000000e-01
8.974609375000000000e-01
4.990234375000000000e-01
9.082031250000000000e-01
5.703125000000000000e-01
8.994140625000000000e-01
6.259765625000000000e-01
8.623046875000000000e-01
6.708984375000000000e-01
8.144531250000000000e-01
7.011718750000000000e-01
7.597656250000000000e-01
7.167968750000000000e-01
6.982421875000000000e-01
7.285156250000000000e-01
6.357421875000000000e-01
7.324218750000000000e-01
5.732421875000000000e-01
7.294921875000000000e-01
5.107421875000000000e-01
