2.109375000000000000e-01
4.677734375000000000e-01
2.128906250000000000e-01
5.400390625000000000e-01
2.216796875000000000e-01
6.123046875000000000e-01
2.333984375000000000e-01
6.855468750000000000e-01
2.578125000000000000e-01
7.548828125000000000e-01
2.988281250000000000e-01
8.154296875000000000e-01
3.554687500000000000e-01
8.671875000000000000e-01
4.228515625000000000e-01
9.033203125000000000e-01
5.000000000000000000e-01
9.121093750000000000e-01
5.722656250000000000e-01
8.984375000000000000e-01
6.337890625000000000e-01
8.593750000000000000e-01
6.884765625000000000e-01
8.095703125000000000e-01
7.294921875000000000e-01
7.509765625000000000e-01
7.529296875000000000e-01
6.826171875000000000e-01
7.626953125000000000e-01
6.113281250000000000e-01
7.695312500000000000e-01
5.419921875000000000e-01
7.724609375000000000e-01
4.716796875000000000e-01
