2.207031250000000000e-01
4.511718750000000000e-01
2.265625000000000000e-01
5.214843750000000000e-01
2.373046875000000000e-01
5.917968750000000000e-01
2.470703125000000000e-01
6.640625000000000000e-01
2.656250000000000000e-01
7.353515625000000000e-01
3.066406250000000000e-01
8.007812500000000000e-01
3.603515625000000000e-01
8.574218750000000000e-01
4.248046875000000000e-01
9.013671875000000000e-01
5.000000000000000000e-01
9.150390625000000000e-01
5.761718750000000000e-01
9.042968750000000000e-01
6.455078125000000000e-01
8.632812500000000000e-01
7.021484375000000000e-01
8.085937500000000000e-01
7.480468750000000000e-01
7.451171875000000000e-01
7.724609375000000000e-01
6.738281250000000000e-01
7.822265625000000000e-01
5.986328125000000000e-01
7.861328125000000000e-01
5.234375000000000000e-01
7.871093750000000000e-01
4.492187500000000000e-01
