1.943359375000000000e-01
5.175781250000000000e-01
1.933593750000000000e-01
5.859375000000000000e-01
1.982421875000000000e-01
6.562500000000000000e-01
2.109375000000000000e-01
7.294921875000000000e-01
2.382812500000000000e-01
7.978515625000000000e-01
2.871093750000000000e-01
8.525390625000000000e-01
3.544921875000000000e-01
8.935546875000000000e-01
4.257812500000000000e-01
9.287109375000000000e-01
5.009765625000000000e-01
9.423828125000000000e-01
5.742187500000000000e-01
9.287109375000000000e-01
6.425781250000000000e-01
8.964843750000000000e-01
7.050781250000000000e-01
8.564453125000000000e-01
7.519531250000000000e-01
8.037109375000000000e-01
7.792968750000000000e-01
7.373046875000000000e-01
7.929687500000000000e-01
6.679687500000000000e-01
7.978515625000000000e-01
5.986328125000000000e-01
7.978515625000000000e-01
5.292968750000000000e-01
