2.187500000000000000e-01
4.580078125000000000e-01
2.207031250000000000e-01
5.322265625000000000e-01
2.275390625000000000e-01
6.054687500000000000e-01
2.382812500000000000e-01
6.787109375000000000e-01
2.578125000000000000e-01
7.509765625000000000e-01
2.968750000000000000e-01
8.173828125000000000e-01
3.496093750000000000e-01
8.759765625000000000e-01
4.160156250000000000e-01
9.238281250000000000e-01
4.931640625000000000e-01
9.335937500000000000e-01
5.722656250000000000e-01
9.199218750000000000e-01
6.347656250000000000e-01
8.750000000000000000e-01
6.865234375000000000e-01
8.222656250000000000e-01
7.314453125000000000e-01
7.568359375000000000e-01
7.568359375000000000e-01
6.855468750000000000e-01
7.714843750000000000e-01
6.103515625000000000e-01
7.812500000000000000e-01
5.312500000000000000e-01
7.841796875000000000e-01
4.541015625000000000e-01
