2.294921875000000000e-01
4.863281250000000000e-01
2.333984375000000000e-01
5.576171875000000000e-01
2.431640625000000000e-01
6.298828125000000000e-01
2.529296875000000000e-01
7.011718750000000000e-01
2.753906250000000000e-01
7.685546875000000000e-01
3.173828125000000000e-01
8.261718750000000000e-01
3.691406250000000000e-01
8.769531250000000000e-01
4.296875000000000000e-01
9.208984375000000000e-01
5.009765625000000000e-01
9.365234375000000000e-01
5.732421875000000000e-01
9.238281250000000000e-01
6.396484375000000000e-01
8.847656250000000000e-01
6.962890625000000000e-01
8.369140625000000000e-01
7.421875000000000000e-01
7.792968750000000000e-01
7.695312500000000000e-01
7.119140625000000000e-01
7.773437500000000000e-01
6.386718750000000000e-01
7.832031250000000000e-01
5.664062500000000000e-01
7.871093750000000000e-01
4.912109375000000000e-01
