2.236328125000000000e-01
4.638671875000000000e-01
2.246093750000000000e-01
5.341796875000000000e-01
2.343750000000000000e-01
6.074218750000000000e-01
2.480468750000000000e-01
6.787109375000000000e-01
2.705078125000000000e-01
7.480468750000000000e-01
3.115234375000000000e-01
8.095703125000000000e-01
3.642578125000000000e-01
8.632812500000000000e-01
4.248046875000000000e-01
9.042968750000000000e-01
4.951171875000000000e-01
9.150390625000000000e-01
5.664062500000000000e-01
9.052734375000000000e-01
6.279296875000000000e-01
8.671875000000000000e-01
6.845703125000000000e-01
8.164062500000000000e-01
7.294921875000000000e-01
7.568359375000000000e-01
7.568359375000000000e-01
6.884765625000000000e-01
7.724609375000000000e-01
6.142578125000000000e-01
7.841796875000000000e-01
5.390625000000000000e-01
7.861328125000000000e-01
4.658203125000000000e-01
