1.728515625000000000e-01
4.902343750000000000e-01
1.787109375000000000e-01
5.712890625000000000e-01
1.884765625000000000e-01
6.523437500000000000e-01
2.089843750000000000e-01
7.304687500000000000e-01
2.480468750000000000e-01
7.978515625000000000e-01
3.066406250000000000e-01
8.505859375000000000e-01
3.769531250000000000e-01
8.906250000000000000e-01
4.472656250000000000e-01
9.189453125000000000e-01
5.107421875000000000e-01
9.277343750000000000e-01
5.693359375000000000e-01
9.101562500000000000e-01
6.201171875000000000e-01
8.671875000000000000e-01
6.669921875000000000e-01
8.193359375000000000e-01
7.050781250000000000e-01
7.617187500000000000e-01
7.294921875000000000e-01
6.943359375000000000e-01
7.421875000000000000e-01
6.240234375000000000e-01
7.470703125000000000e-01
5.527343750000000000e-01
7.460937500000000000e-01
4.824218750000000000e-01
