1.718750000000000000e-01
4.794921875000000000e-01
1.835937500000000000e-01
5.517578125000000000e-01
1.962890625000000000e-01
6.250000000000000000e-01
2.138671875000000000e-01
6.962890625000000000e-01
2.500000000000000000e-01
7.587890625000000000e-01
3.037109375000000000e-01
8.095703125000000000e-01
3.652343750000000000e-01
8.525390625000000000e-01
4.306640625000000000e-01
8.896484375000000000e-01
4.931640625000000000e-01
8.984375000000000000e-01
5.527343750000000000e-01
8.837890625000000000e-01
6.093750000000000000e-01
8.417968750000000000e-01
6.591796875000000000e-01
7.929687500000000000e-01
6.972656250000000000e-01
7.382812500000000000e-01
7.226562500000000000e-01
6.738281250000000000e-01
7.343750000000000000e-01
6.074218750000000000e-01
7.412109375000000000e-01
5.439453125000000000e-01
7.441406250000000000e-01
4.775390625000000000e-01
