2.333984375000000000e-01
4.677734375000000000e-01
2.412109375000000000e-01
5.380859375000000000e-01
2.500000000000000000e-01
6.064453125000000000e-01
2.587890625000000000e-01
6.748046875000000000e-01
2.832031250000000000e-01
7.373046875000000000e-01
3.271484375000000000e-01
7.871093750000000000e-01
3.789062500000000000e-01
8.300781250000000000e-01
4.355468750000000000e-01
8.681640625000000000e-01
4.990234375000000000e-01
8.789062500000000000e-01
5.625000000000000000e-01
8.671875000000000000e-01
6.171875000000000000e-01
8.281250000000000000e-01
6.640625000000000000e-01
7.851562500000000000e-01
7.060546875000000000e-01
7.373046875000000000e-01
7.353515625000000000e-01
6.777343750000000000e-01
7.490234375000000000e-01
6.132812500000000000e-01
7.597656250000000000e-01
5.468750000000000000e-01
7.646484375000000000e-01
4.775390625000000000e-01
