1.328125000000000000e-01
4.765625000000000000e-01
1.416015625000000000e-01
5.595703125000000000e-01
1.533203125000000000e-01
6.416015625000000000e-01
1.767578125000000000e-01
7.167968750000000000e-01
2.177734375000000000e-01
7.841796875000000000e-01
2.773437500000000000e-01
8.320312500000000000e-01
3.496093750000000000e-01
8.652343750000000000e-01
4.218750000000000000e-01
8.886718750000000000e-01
4.902343750000000000e-01
8.945312500000000000e-01
5.498046875000000000e-01
8.779296875000000000e-01
5.976562500000000000e-01
8.398437500000000000e-01
6.435546875000000000e-01
7.949218750000000000e-01
6.835937500000000000e-01
7.441406250000000000e-01
7.089843750000000000e-01
6.816406250000000000e-01
7.216796875000000000e-01
6.152343750000000000e-01
7.275390625000000000e-01
5.478515625000000000e-01
7.294921875000000000e-01
4.814453125000000000e-01
