1.513671875000000000e-01
4.667968750000000000e-01
1.611328125000000000e-01
5.537109375000000000e-01
1.718750000000000000e-01
6.406250000000000000e-01
1.923828125000000000e-01
7.207031250000000000e-01
2.304687500000000000e-01
7.900390625000000000e-01
2.900390625000000000e-01
8.447265625000000000e-01
3.593750000000000000e-01
8.847656250000000000e-01
4.316406250000000000e-01
9.150390625000000000e-01
4.970703125000000000e-01
9.228515625000000000e-01
5.585937500000000000e-01
9.013671875000000000e-01
6.171875000000000000e-01
8.613281250000000000e-01
6.718750000000000000e-01
8.105468750000000000e-01
7.109375000000000000e-01
7.519531250000000000e-01
7.343750000000000000e-01
6.787109375000000000e-01
7.451171875000000000e-01
6.054687500000000000e-01
7.558593750000000000e-01
5.322265625000000000e-01
7.626953125000000000e-01
4.550781250000000000e-01
