2.314453125000000000e-01
4.912109375000000000e-01
2.314453125000000000e-01
5.576171875000000000e-01
2.382812500000000000e-01
6.240234375000000000e-01
2.509765625000000000e-01
6.914062500000000000e-01
2.763671875000000000e-01
7.558593750000000000e-01
3.164062500000000000e-01
8.134765625000000000e-01
3.671875000000000000e-01
8.652343750000000000e-01
4.277343750000000000e-01
9.082031250000000000e-01
4.970703125000000000e-01
9.257812500000000000e-01
5.673828125000000000e-01
9.130859375000000000e-01
6.308593750000000000e-01
8.710937500000000000e-01
6.835937500000000000e-01
8.183593750000000000e-01
7.275390625000000000e-01
7.578125000000000000e-01
7.539062500000000000e-01
6.914062500000000000e-01
7.675781250000000000e-01
6.240234375000000000e-01
7.744140625000000000e-01
5.556640625000000000e-01
7.783203125000000000e-01
4.853515625000000000e-01
