2.177734375000000000e-01
4.912109375000000000e-01
2.236328125000000000e-01
5.625000000000000000e-01
2.343750000000000000e-01
6.318359375000000000e-01
2.441406250000000000e-01
7.001953125000000000e-01
2.646484375000000000e-01
7.626953125000000000e-01
3.066406250000000000e-01
8.125000000000000000e-01
3.632812500000000000e-01
8.525390625000000000e-01
4.287109375000000000e-01
8.818359375000000000e-01
5.000000000000000000e-01
8.896484375000000000e-01
5.673828125000000000e-01
8.789062500000000000e-01
6.259765625000000000e-01
8.447265625000000000e-01
6.718750000000000000e-01
8.007812500000000000e-01
7.060546875000000000e-01
7.490234375000000000e-01
7.255859375000000000e-01
6.865234375000000000e-01
7.382812500000000000e-01
6.210937500000000000e-01
7.480468750000000000e-01
5.576171875000000000e-01
7.529296875000000000e-01
4.902343750000000000e-01
