2.539062500000000000e-01
4.921875000000000000e-01
2.500000000000000000e-01
5.585937500000000000e-01
2.558593750000000000e-01
6.269531250000000000e-01
2.695312500000000000e-01
6.953125000000000000e-01
2.939453125000000000e-01
7.597656250000000000e-01
3.369140625000000000e-01
8.144531250000000000e-01
3.886718750000000000e-01
8.632812500000000000e-01
4.433593750000000000e-01
9.052734375000000000e-01
5.058593750000000000e-01
9.189453125000000000e-01
5.751953125000000000e-01
9.072265625000000000e-01
6.425781250000000000e-01
8.720703125000000000e-01
7.070312500000000000e-01
8.281250000000000000e-01
7.617187500000000000e-01
7.734375000000000000e-01
7.949218750000000000e-01
7.099609375000000000e-01
8.076171875000000000e-01
6.367187500000000000e-01
8.125000000000000000e-01
5.634765625000000000e-01
8.144531250000000000e-01
4.892578125000000000e-01
