2.460937500000000000e-01
4.316406250000000000e-01
2.558593750000000000e-01
5.019531250000000000e-01
2.685546875000000000e-01
5.683593750000000000e-01
2.792968750000000000e-01
6.337890625000000000e-01
3.046875000000000000e-01
6.962890625000000000e-01
3.466796875000000000e-01
7.470703125000000000e-01
4.003906250000000000e-01
7.900390625000000000e-01
4.521484375000000000e-01
8.330078125000000000e-01
5.097656250000000000e-01
8.476562500000000000e-01
5.703125000000000000e-01
8.388671875000000000e-01
6.318359375000000000e-01
8.017578125000000000e-01
6.923828125000000000e-01
7.597656250000000000e-01
7.431640625000000000e-01
7.080078125000000000e-01
7.773437500000000000e-01
6.445312500000000000e-01
7.988281250000000000e-01
5.751953125000000000e-01
8.154296875000000000e-01
5.029296875000000000e-01
8.291015625000000000e-01
4.257812500000000000e-01
