2.636718750000000000e-01
4.902343750000000000e-01
2.656250000000000000e-01
5.625000000000000000e-01
2.705078125000000000e-01
6.328125000000000000e-01
2.802734375000000000e-01
7.041015625000000000e-01
3.076171875000000000e-01
7.675781250000000000e-01
3.496093750000000000e-01
8.144531250000000000e-01
3.974609375000000000e-01
8.535156250000000000e-01
4.443359375000000000e-01
8.925781250000000000e-01
5.009765625000000000e-01
9.091796875000000000e-01
5.664062500000000000e-01
9.023437500000000000e-01
6.337890625000000000e-01
8.720703125000000000e-01
7.050781250000000000e-01
8.359375000000000000e-01
7.753906250000000000e-01
7.851562500000000000e-01
8.232421875000000000e-01
7.167968750000000000e-01
8.466796875000000000e-01
6.376953125000000000e-01
8.603515625000000000e-01
5.507812500000000000e-01
8.710937500000000000e-01
4.609375000000000000e-01
