2.490234375000000000e-01
4.794921875000000000e-01
2.451171875000000000e-01
5.507812500000000000e-01
2.480468750000000000e-01
6.230468750000000000e-01
2.587890625000000000e-01
6.923828125000000000e-01
2.822265625000000000e-01
7.578125000000000000e-01
3.222656250000000000e-01
8.193359375000000000e-01
3.710937500000000000e-01
8.750000000000000000e-01
4.267578125000000000e-01
9.228515625000000000e-01
4.960937500000000000e-01
9.365234375000000000e-01
5.712890625000000000e-01
9.267578125000000000e-01
6.386718750000000000e-01
8.886718750000000000e-01
6.982421875000000000e-01
8.369140625000000000e-01
7.441406250000000000e-01
7.734375000000000000e-01
7.753906250000000000e-01
7.050781250000000000e-01
7.919921875000000000e-01
6.279296875000000000e-01
8.046875000000000000e-01
5.517578125000000000e-01
8.105468750000000000e-01
4.746093750000000000e-01
