2.119140625000000000e-01
4.511718750000000000e-01
2.246093750000000000e-01
5.263671875000000000e-01
2.373046875000000000e-01
5.976562500000000000e-01
2.480468750000000000e-01
6.689453125000000000e-01
2.744140625000000000e-01
7.314453125000000000e-01
3.203125000000000000e-01
7.792968750000000000e-01
3.759765625000000000e-01
8.183593750000000000e-01
4.335937500000000000e-01
8.544921875000000000e-01
4.951171875000000000e-01
8.691406250000000000e-01
5.585937500000000000e-01
8.642578125000000000e-01
6.210937500000000000e-01
8.339843750000000000e-01
6.777343750000000000e-01
7.949218750000000000e-01
7.255859375000000000e-01
7.441406250000000000e-01
7.539062500000000000e-01
6.796875000000000000e-01
7.714843750000000000e-01
6.083984375000000000e-01
7.890625000000000000e-01
5.351562500000000000e-01
8.046875000000000000e-01
4.560546875000000000e-01
