2.382812500000000000e-01
4.941406250000000000e-01
2.412109375000000000e-01
5.605468750000000000e-01
2.490234375000000000e-01
6.279296875000000000e-01
2.587890625000000000e-01
6.972656250000000000e-01
2.773437500000000000e-01
7.636718750000000000e-01
3.134765625000000000e-01
8.222656250000000000e-01
3.632812500000000000e-01
8.710937500000000000e-01
4.238281250000000000e-01
9.082031250000000000e-01
4.970703125000000000e-01
9.199218750000000000e-01
5.732421875000000000e-01
9.101562500000000000e-01
6.416015625000000000e-01
8.798828125000000000e-01
6.992187500000000000e-01
8.349609375000000000e-01
7.421875000000000000e-01
7.783203125000000000e-01
7.656250000000000000e-01
7.119140625000000000e-01
7.773437500000000000e-01
6.425781250000000000e-01
7.841796875000000000e-01
5.712890625000000000e-01
7.880859375000000000e-01
5.000000000000000000e-01
