2.636718750000000000e-01
4.443359375000000000e-01
2.646484375000000000e-01
5.136718750000000000e-01
2.705078125000000000e-01
5.800781250000000000e-01
2.851562500000000000e-01
6.494140625000000000e-01
3.095703125000000000e-01
7.148437500000000000e-01
3.466796875000000000e-01
7.773437500000000000e-01
3.867187500000000000e-01
8.408203125000000000e-01
4.316406250000000000e-01
9.013671875000000000e-01
4.921875000000000000e-01
9.248046875000000000e-01
5.644531250000000000e-01
9.189453125000000000e-01
6.464843750000000000e-01
8.818359375000000000e-01
7.226562500000000000e-01
8.330078125000000000e-01
7.890625000000000000e-01
7.695312500000000000e-01
8.320312500000000000e-01
6.962890625000000000e-01
8.574218750000000000e-01
6.132812500000000000e-01
8.681640625000000000e-01
5.244140625000000000e-01
8.759765625000000000e-01
4.345703125000000000e-01
