1.777343750000000000e-01
4.902343750000000000e-01
1.855468750000000000e-01
5.664062500000000000e-01
1.982421875000000000e-01
6.425781250000000000e-01
2.128906250000000000e-01
7.177734375000000000e-01
2.421875000000000000e-01
7.900390625000000000e-01
2.958984375000000000e-01
8.505859375000000000e-01
3.603515625000000000e-01
8.984375000000000000e-01
4.316406250000000000e-01
9.355468750000000000e-01
5.039062500000000000e-01
9.462890625000000000e-01
5.761718750000000000e-01
9.287109375000000000e-01
6.396484375000000000e-01
8.837890625000000000e-01
6.914062500000000000e-01
8.300781250000000000e-01
7.275390625000000000e-01
7.675781250000000000e-01
7.470703125000000000e-01
6.982421875000000000e-01
7.587890625000000000e-01
6.279296875000000000e-01
7.656250000000000000e-01
5.585937500000000000e-01
7.607421875000000000e-01
4.882812500000000000e-01
