2.939453125000000000e-01
4.902343750000000000e-01
2.880859375000000000e-01
5.537109375000000000e-01
2.958984375000000000e-01
6.191406250000000000e-01
3.115234375000000000e-01
6.845703125000000000e-01
3.281250000000000000e-01
7.519531250000000000e-01
3.515625000000000000e-01
8.154296875000000000e-01
3.876953125000000000e-01
8.710937500000000000e-01
4.335937500000000000e-01
9.140625000000000000e-01
5.000000000000000000e-01
9.306640625000000000e-01
5.742187500000000000e-01
9.248046875000000000e-01
6.484375000000000000e-01
9.013671875000000000e-01
7.187500000000000000e-01
8.652343750000000000e-01
7.714843750000000000e-01
8.154296875000000000e-01
8.066406250000000000e-01
7.451171875000000000e-01
8.261718750000000000e-01
6.660156250000000000e-01
8.359375000000000000e-01
5.878906250000000000e-01
8.359375000000000000e-01
5.126953125000000000e-01
