2.812500000000000000e-01
4.863281250000000000e-01
2.734375000000000000e-01
5.468750000000000000e-01
2.744140625000000000e-01
6.132812500000000000e-01
2.812500000000000000e-01
6.826171875000000000e-01
2.910156250000000000e-01
7.509765625000000000e-01
3.183593750000000000e-01
8.154296875000000000e-01
3.623046875000000000e-01
8.750000000000000000e-01
4.169921875000000000e-01
9.199218750000000000e-01
4.873046875000000000e-01
9.277343750000000000e-01
5.664062500000000000e-01
9.169921875000000000e-01
6.455078125000000000e-01
8.847656250000000000e-01
7.187500000000000000e-01
8.398437500000000000e-01
7.792968750000000000e-01
7.871093750000000000e-01
8.154296875000000000e-01
7.226562500000000000e-01
8.339843750000000000e-01
6.494140625000000000e-01
8.388671875000000000e-01
5.742187500000000000e-01
8.408203125000000000e-01
5.009765625000000000e-01
