2.070312500000000000e-01
4.501953125000000000e-01
2.207031250000000000e-01
5.273437500000000000e-01
2.363281250000000000e-01
6.015625000000000000e-01
2.558593750000000000e-01
6.767578125000000000e-01
2.900390625000000000e-01
7.402343750000000000e-01
3.388671875000000000e-01
7.900390625000000000e-01
3.925781250000000000e-01
8.291015625000000000e-01
4.423828125000000000e-01
8.642578125000000000e-01
4.941406250000000000e-01
8.769531250000000000e-01
5.488281250000000000e-01
8.662109375000000000e-01
5.986328125000000000e-01
8.330078125000000000e-01
6.523437500000000000e-01
7.949218750000000000e-01
7.021484375000000000e-01
7.441406250000000000e-01
7.353515625000000000e-01
6.806640625000000000e-01
7.558593750000000000e-01
6.044921875000000000e-01
7.714843750000000000e-01
5.244140625000000000e-01
7.822265625000000000e-01
4.433593750000000000e-01
