2.275390625000000000e-01
4.775390625000000000e-01
2.333984375000000000e-01
5.498046875000000000e-01
2.441406250000000000e-01
6.210937500000000000e-01
2.539062500000000000e-01
6.933593750000000000e-01
2.744140625000000000e-01
7.607421875000000000e-01
3.154296875000000000e-01
8.183593750000000000e-01
3.681640625000000000e-01
8.691406250000000000e-01
4.306640625000000000e-01
9.140625000000000000e-01
4.960937500000000000e-01
9.296875000000000000e-01
5.634765625000000000e-01
9.160156250000000000e-01
6.298828125000000000e-01
8.759765625000000000e-01
6.894531250000000000e-01
8.281250000000000000e-01
7.373046875000000000e-01
7.724609375000000000e-01
7.666015625000000000e-01
7.070312500000000000e-01
7.802734375000000000e-01
6.328125000000000000e-01
7.949218750000000000e-01
5.585937500000000000e-01
8.056640625000000000e-01
4.824218750000000000e-01
