1.796875000000000000e-01
4.833984375000000000e-01
1.884765625000000000e-01
5.654296875000000000e-01
2.011718750000000000e-01
6.455078125000000000e-01
2.226562500000000000e-01
7.207031250000000000e-01
2.597656250000000000e-01
7.949218750000000000e-01
3.144531250000000000e-01
8.554687500000000000e-01
3.769531250000000000e-01
9.052734375000000000e-01
4.414062500000000000e-01
9.404296875000000000e-01
5.029296875000000000e-01
9.492187500000000000e-01
5.673828125000000000e-01
9.296875000000000000e-01
6.259765625000000000e-01
8.828125000000000000e-01
6.728515625000000000e-01
8.320312500000000000e-01
7.070312500000000000e-01
7.734375000000000000e-01
7.304687500000000000e-01
7.070312500000000000e-01
7.451171875000000000e-01
6.357421875000000000e-01
7.558593750000000000e-01
5.625000000000000000e-01
7.617187500000000000e-01
4.902343750000000000e-01
