1.640625000000000000e-01
4.726562500000000000e-01
1.738281250000000000e-01
5.537109375000000000e-01
1.875000000000000000e-01
6.318359375000000000e-01
2.041015625000000000e-01
7.080078125000000000e-01
2.353515625000000000e-01
7.753906250000000000e-01
2.900390625000000000e-01
8.291015625000000000e-01
3.554687500000000000e-01
8.710937500000000000e-01
4.277343750000000000e-01
9.042968750000000000e-01
4.970703125000000000e-01
9.150390625000000000e-01
5.625000000000000000e-01
8.974609375000000000e-01
6.181640625000000000e-01
8.476562500000000000e-01
6.660156250000000000e-01
7.978515625000000000e-01
7.050781250000000000e-01
7.421875000000000000e-01
7.275390625000000000e-01
6.787109375000000000e-01
7.412109375000000000e-01
6.132812500000000000e-01
7.490234375000000000e-01
5.458984375000000000e-01
7.500000000000000000e-01
4.746093750000000000e-01
