2.402343750000000000e-01
4.843750000000000000e-01
2.441406250000000000e-01
5.498046875000000000e-01
2.529296875000000000e-01
6.152343750000000000e-01
2.636718750000000000e-01
6.777343750000000000e-01
2.871093750000000000e-01
7.402343750000000000e-01
3.222656250000000000e-01
7.919921875000000000e-01
3.750000000000000000e-01
8.330078125000000000e-01
4.326171875000000000e-01
8.593750000000000000e-01
4.970703125000000000e-01
8.671875000000000000e-01
5.634765625000000000e-01
8.544921875000000000e-01
6.318359375000000000e-01
8.291015625000000000e-01
7.011718750000000000e-01
7.958984375000000000e-01
7.548828125000000000e-01
7.490234375000000000e-01
7.880859375000000000e-01
6.865234375000000000e-01
8.017578125000000000e-01
6.191406250000000000e-01
8.105468750000000000e-01
5.498046875000000000e-01
8.154296875000000000e-01
4.794921875000000000e-01
