2.109375000000000000e-01
4.492187500000000000e-01
2.167968750000000000e-01
5.234375000000000000e-01
2.294921875000000000e-01
5.957031250000000000e-01
2.421875000000000000e-01
6.699218750000000000e-01
2.646484375000000000e-01
7.431640625000000000e-01
3.056640625000000000e-01
8.066406250000000000e-01
3.603515625000000000e-01
8.613281250000000000e-01
4.238281250000000000e-01
9.023437500000000000e-01
5.000000000000000000e-01
9.111328125000000000e-01
5.742187500000000000e-01
8.994140625000000000e-01
6.386718750000000000e-01
8.603515625000000000e-01
6.914062500000000000e-01
8.095703125000000000e-01
7.285156250000000000e-01
7.470703125000000000e-01
7.460937500000000000e-01
6.757812500000000000e-01
7.578125000000000000e-01
6.025390625000000000e-01
7.675781250000000000e-01
5.302734375000000000e-01
7.714843750000000000e-01
4.580078125000000000e-01
