2.714843750000000000e-01
4.824218750000000000e-01
2.666015625000000000e-01
5.468750000000000000e-01
2.695312500000000000e-01
6.142578125000000000e-01
2.783203125000000000e-01
6.845703125000000000e-01
2.968750000000000000e-01
7.500000000000000000e-01
3.320312500000000000e-01
8.105468750000000000e-01
3.779296875000000000e-01
8.632812500000000000e-01
4.335937500000000000e-01
9.072265625000000000e-01
5.009765625000000000e-01
9.218750000000000000e-01
5.751953125000000000e-01
9.111328125000000000e-01
6.513671875000000000e-01
8.789062500000000000e-01
7.236328125000000000e-01
8.349609375000000000e-01
7.812500000000000000e-01
7.802734375000000000e-01
8.203125000000000000e-01
7.109375000000000000e-01
8.427734375000000000e-01
6.376953125000000000e-01
8.564453125000000000e-01
5.546875000000000000e-01
8.642578125000000000e-01
4.755859375000000000e-01
