2.480468750000000000e-01
4.560546875000000000e-01
2.509765625000000000e-01
5.292968750000000000e-01
2.617187500000000000e-01
6.015625000000000000e-01
2.734375000000000000e-01
6.748046875000000000e-01
2.978515625000000000e-01
7.421875000000000000e-01
3.408203125000000000e-01
7.998046875000000000e-01
3.896484375000000000e-01
8.525390625000000000e-01
4.414062500000000000e-01
8.994140625000000000e-01
5.019531250000000000e-01
9.140625000000000000e-01
5.644531250000000000e-01
9.033203125000000000e-01
6.279296875000000000e-01
8.652343750000000000e-01
6.884765625000000000e-01
8.183593750000000000e-01
7.392578125000000000e-01
7.626953125000000000e-01
7.705078125000000000e-01
6.953125000000000000e-01
7.851562500000000000e-01
6.191406250000000000e-01
7.968750000000000000e-01
5.429687500000000000e-01
8.027343750000000000e-01
4.638671875000000000e-01
