2.314453125000000000e-01
4.814453125000000000e-01
2.363281250000000000e-01
5.537109375000000000e-01
2.480468750000000000e-01
6.259765625000000000e-01
2.597656250000000000e-01
6.962890625000000000e-01
2.812500000000000000e-01
7.626953125000000000e-01
3.203125000000000000e-01
8.203125000000000000e-01
3.720703125000000000e-01
8.691406250000000000e-01
4.326171875000000000e-01
9.091796875000000000e-01
4.980468750000000000e-01
9.248046875000000000e-01
5.644531250000000000e-01
9.121093750000000000e-01
6.289062500000000000e-01
8.750000000000000000e-01
6.816406250000000000e-01
8.261718750000000000e-01
7.207031250000000000e-01
7.685546875000000000e-01
7.431640625000000000e-01
7.021484375000000000e-01
7.529296875000000000e-01
6.318359375000000000e-01
7.666015625000000000e-01
5.615234375000000000e-01
7.744140625000000000e-01
4.882812500000000000e-01
