2.158203125000000000e-01
4.814453125000000000e-01
2.255859375000000000e-01
5.468750000000000000e-01
2.363281250000000000e-01
6.093750000000000000e-01
2.490234375000000000e-01
6.738281250000000000e-01
2.734375000000000000e-01
7.333984375000000000e-01
3.164062500000000000e-01
7.812500000000000000e-01
3.750000000000000000e-01
8.154296875000000000e-01
4.365234375000000000e-01
8.388671875000000000e-01
4.990234375000000000e-01
8.486328125000000000e-01
5.585937500000000000e-01
8.378906250000000000e-01
6.171875000000000000e-01
8.105468750000000000e-01
6.767578125000000000e-01
7.753906250000000000e-01
7.187500000000000000e-01
7.275390625000000000e-01
7.431640625000000000e-01
6.660156250000000000e-01
7.529296875000000000e-01
6.035156250000000000e-01
7.607421875000000000e-01
5.410156250000000000e-01
7.675781250000000000e-01
4.775390625000000000e-01
