2.500000000000000000e-01
5.058593750000000000e-01
2.509765625000000000e-01
5.664062500000000000e-01
2.568359375000000000e-01
6.269531250000000000e-01
2.656250000000000000e-01
6.894531250000000000e-01
2.832031250000000000e-01
7.500000000000000000e-01
3.154296875000000000e-01
8.066406250000000000e-01
3.613281250000000000e-01
8.535156250000000000e-01
4.169921875000000000e-01
8.916015625000000000e-01
4.863281250000000000e-01
9.042968750000000000e-01
5.566406250000000000e-01
8.974609375000000000e-01
6.210937500000000000e-01
8.642578125000000000e-01
6.748046875000000000e-01
8.183593750000000000e-01
7.148437500000000000e-01
7.656250000000000000e-01
7.392578125000000000e-01
7.041015625000000000e-01
7.539062500000000000e-01
6.396484375000000000e-01
7.646484375000000000e-01
5.771484375000000000e-01
7.714843750000000000e-01
5.107421875000000000e-01
