2.246093750000000000e-01
4.882812500000000000e-01
2.314453125000000000e-01
5.615234375000000000e-01
2.412109375000000000e-01
6.318359375000000000e-01
2.529296875000000000e-01
7.041015625000000000e-01
2.744140625000000000e-01
7.705078125000000000e-01
3.105468750000000000e-01
8.310546875000000000e-01
3.623046875000000000e-01
8.769531250000000000e-01
4.267578125000000000e-01
9.072265625000000000e-01
5.029296875000000000e-01
9.150390625000000000e-01
5.781250000000000000e-01
9.052734375000000000e-01
6.435546875000000000e-01
8.759765625000000000e-01
6.943359375000000000e-01
8.300781250000000000e-01
7.265625000000000000e-01
7.705078125000000000e-01
7.431640625000000000e-01
7.011718750000000000e-01
7.529296875000000000e-01
6.318359375000000000e-01
7.597656250000000000e-01
5.615234375000000000e-01
7.636718750000000000e-01
4.921875000000000000e-01
