2.363281250000000000e-01
4.902343750000000000e-01
2.421875000000000000e-01
5.595703125000000000e-01
2.519531250000000000e-01
6.250000000000000000e-01
2.617187500000000000e-01
6.962890625000000000e-01
2.792968750000000000e-01
7.675781250000000000e-01
3.115234375000000000e-01
8.291015625000000000e-01
3.623046875000000000e-01
8.828125000000000000e-01
4.218750000000000000e-01
9.238281250000000000e-01
4.970703125000000000e-01
9.345703125000000000e-01
5.751953125000000000e-01
9.257812500000000000e-01
6.425781250000000000e-01
8.886718750000000000e-01
6.972656250000000000e-01
8.378906250000000000e-01
7.353515625000000000e-01
7.744140625000000000e-01
7.597656250000000000e-01
7.011718750000000000e-01
7.744140625000000000e-01
6.298828125000000000e-01
7.841796875000000000e-01
5.605468750000000000e-01
7.929687500000000000e-01
4.882812500000000000e-01
