2.294921875000000000e-01
4.453125000000000000e-01
2.363281250000000000e-01
5.195312500000000000e-01
2.490234375000000000e-01
5.927734375000000000e-01
2.656250000000000000e-01
6.650390625000000000e-01
2.919921875000000000e-01
7.324218750000000000e-01
3.349609375000000000e-01
7.910156250000000000e-01
3.818359375000000000e-01
8.457031250000000000e-01
4.365234375000000000e-01
8.974609375000000000e-01
5.000000000000000000e-01
9.150390625000000000e-01
5.664062500000000000e-01
9.052734375000000000e-01
6.279296875000000000e-01
8.632812500000000000e-01
6.835937500000000000e-01
8.144531250000000000e-01
7.343750000000000000e-01
7.578125000000000000e-01
7.675781250000000000e-01
6.904296875000000000e-01
7.861328125000000000e-01
6.123046875000000000e-01
7.988281250000000000e-01
5.332031250000000000e-01
8.095703125000000000e-01
4.531250000000000000e-01
