2.177734375000000000e-01
5.029296875000000000e-01
2.187500000000000000e-01
5.644531250000000000e-01
2.255859375000000000e-01
6.269531250000000000e-01
2.363281250000000000e-01
6.923828125000000000e-01
2.617187500000000000e-01
7.529296875000000000e-01
3.056640625000000000e-01
8.046875000000000000e-01
3.642578125000000000e-01
8.496093750000000000e-01
4.296875000000000000e-01
8.867187500000000000e-01
5.048828125000000000e-01
9.003906250000000000e-01
5.781250000000000000e-01
8.925781250000000000e-01
6.396484375000000000e-01
8.603515625000000000e-01
6.933593750000000000e-01
8.164062500000000000e-01
7.314453125000000000e-01
7.626953125000000000e-01
7.548828125000000000e-01
6.982421875000000000e-01
7.666015625000000000e-01
6.337890625000000000e-01
7.744140625000000000e-01
5.673828125000000000e-01
7.753906250000000000e-01
5.019531250000000000e-01
