2.060546875000000000e-01
4.931640625000000000e-01
2.128906250000000000e-01
5.693359375000000000e-01
2.255859375000000000e-01
6.396484375000000000e-01
2.402343750000000000e-01
7.138671875000000000e-01
2.617187500000000000e-01
7.812500000000000000e-01
2.998046875000000000e-01
8.398437500000000000e-01
3.593750000000000000e-01
8.798828125000000000e-01
4.306640625000000000e-01
9.072265625000000000e-01
5.029296875000000000e-01
9.150390625000000000e-01
5.683593750000000000e-01
8.994140625000000000e-01
6.259765625000000000e-01
8.564453125000000000e-01
6.660156250000000000e-01
8.066406250000000000e-01
6.953125000000000000e-01
7.490234375000000000e-01
7.138671875000000000e-01
6.845703125000000000e-01
7.275390625000000000e-01
6.191406250000000000e-01
7.392578125000000000e-01
5.595703125000000000e-01
7.431640625000000000e-01
4.921875000000000000e-01
