2.294921875000000000e-01
5.058593750000000000e-01
2.402343750000000000e-01
5.771484375000000000e-01
2.558593750000000000e-01
6.435546875000000000e-01
2.695312500000000000e-01
7.119140625000000000e-01
2.939453125000000000e-01
7.734375000000000000e-01
3.330078125000000000e-01
8.222656250000000000e-01
3.837890625000000000e-01
8.642578125000000000e-01
4.404296875000000000e-01
8.935546875000000000e-01
5.029296875000000000e-01
9.042968750000000000e-01
5.673828125000000000e-01
8.945312500000000000e-01
6.269531250000000000e-01
8.642578125000000000e-01
6.796875000000000000e-01
8.222656250000000000e-01
7.226562500000000000e-01
7.714843750000000000e-01
7.529296875000000000e-01
7.099609375000000000e-01
7.705078125000000000e-01
6.435546875000000000e-01
7.880859375000000000e-01
5.761718750000000000e-01
8.037109375000000000e-01
5.039062500000000000e-01
