2.490234375000000000e-01
4.746093750000000000e-01
2.490234375000000000e-01
5.449218750000000000e-01
2.578125000000000000e-01
6.132812500000000000e-01
2.744140625000000000e-01
6.806640625000000000e-01
2.958984375000000000e-01
7.470703125000000000e-01
3.281250000000000000e-01
8.095703125000000000e-01
3.730468750000000000e-01
8.623046875000000000e-01
4.257812500000000000e-01
9.023437500000000000e-01
4.951171875000000000e-01
9.121093750000000000e-01
5.703125000000000000e-01
9.023437500000000000e-01
6.425781250000000000e-01
8.662109375000000000e-01
7.080078125000000000e-01
8.164062500000000000e-01
7.568359375000000000e-01
7.578125000000000000e-01
7.900390625000000000e-01
6.894531250000000000e-01
8.095703125000000000e-01
6.191406250000000000e-01
8.183593750000000000e-01
5.419921875000000000e-01
8.222656250000000000e-01
4.658203125000000000e-01
