1.835937500000000000e-01
5.000000000000000000e-01
1.865234375000000000e-01
5.693359375000000000e-01
1.933593750000000000e-01
6.406250000000000000e-01
2.099609375000000000e-01
7.119140625000000000e-01
2.373046875000000000e-01
7.763671875000000000e-01
2.832031250000000000e-01
8.310546875000000000e-01
3.437500000000000000e-01
8.769531250000000000e-01
4.150390625000000000e-01
9.062500000000000000e-01
4.951171875000000000e-01
9.130859375000000000e-01
5.673828125000000000e-01
9.042968750000000000e-01
6.250000000000000000e-01
8.691406250000000000e-01
6.718750000000000000e-01
8.203125000000000000e-01
7.050781250000000000e-01
7.636718750000000000e-01
7.255859375000000000e-01
7.011718750000000000e-01
7.392578125000000000e-01
6.386718750000000000e-01
7.460937500000000000e-01
5.761718750000000000e-01
7.431640625000000000e-01
5.126953125000000000e-01
