2.060546875000000000e-01
4.628906250000000000e-01
2.187500000000000000e-01
5.361328125000000000e-01
2.314453125000000000e-01
6.064453125000000000e-01
2.451171875000000000e-01
6.748046875000000000e-01
2.753906250000000000e-01
7.353515625000000000e-01
3.242187500000000000e-01
7.832031250000000000e-01
3.828125000000000000e-01
8.222656250000000000e-01
4.404296875000000000e-01
8.554687500000000000e-01
4.980468750000000000e-01
8.642578125000000000e-01
5.537109375000000000e-01
8.505859375000000000e-01
6.074218750000000000e-01
8.144531250000000000e-01
6.621093750000000000e-01
7.763671875000000000e-01
7.080078125000000000e-01
7.324218750000000000e-01
7.363281250000000000e-01
6.748046875000000000e-01
7.451171875000000000e-01
6.093750000000000000e-01
7.500000000000000000e-01
5.449218750000000000e-01
7.558593750000000000e-01
4.794921875000000000e-01
