2.187500000000000000e-01
4.785156250000000000e-01
2.294921875000000000e-01
5.585937500000000000e-01
2.460937500000000000e-01
6.347656250000000000e-01
2.617187500000000000e-01
7.070312500000000000e-01
2.890625000000000000e-01
7.744140625000000000e-01
3.330078125000000000e-01
8.320312500000000000e-01
3.847656250000000000e-01
8.798828125000000000e-01
4.423828125000000000e-01
9.169921875000000000e-01
5.068359375000000000e-01
9.267578125000000000e-01
5.703125000000000000e-01
9.121093750000000000e-01
6.230468750000000000e-01
8.701171875000000000e-01
6.699218750000000000e-01
8.193359375000000000e-01
7.099609375000000000e-01
7.587890625000000000e-01
7.353515625000000000e-01
6.904296875000000000e-01
7.480468750000000000e-01
6.162109375000000000e-01
7.617187500000000000e-01
5.419921875000000000e-01
7.685546875000000000e-01
4.638671875000000000e-01
