2.333984375000000000e-01
4.482421875000000000e-01
2.431640625000000000e-01
5.224609375000000000e-01
2.558593750000000000e-01
5.966796875000000000e-01
2.675781250000000000e-01
6.699218750000000000e-01
2.949218750000000000e-01
7.363281250000000000e-01
3.408203125000000000e-01
7.861328125000000000e-01
3.935546875000000000e-01
8.300781250000000000e-01
4.462890625000000000e-01
8.710937500000000000e-01
5.058593750000000000e-01
8.867187500000000000e-01
5.683593750000000000e-01
8.759765625000000000e-01
6.279296875000000000e-01
8.388671875000000000e-01
6.865234375000000000e-01
7.978515625000000000e-01
7.382812500000000000e-01
7.470703125000000000e-01
7.705078125000000000e-01
6.816406250000000000e-01
7.861328125000000000e-01
6.064453125000000000e-01
7.978515625000000000e-01
5.292968750000000000e-01
8.085937500000000000e-01
4.501953125000000000e-01
