1.992187500000000000e-01
4.677734375000000000e-01
2.080078125000000000e-01
5.537109375000000000e-01
2.226562500000000000e-01
6.337890625000000000e-01
2.373046875000000000e-01
7.109375000000000000e-01
2.714843750000000000e-01
7.792968750000000000e-01
3.232421875000000000e-01
8.349609375000000000e-01
3.818359375000000000e-01
8.798828125000000000e-01
4.433593750000000000e-01
9.169921875000000000e-01
5.039062500000000000e-01
9.277343750000000000e-01
5.615234375000000000e-01
9.111328125000000000e-01
6.152343750000000000e-01
8.681640625000000000e-01
6.650390625000000000e-01
8.173828125000000000e-01
7.089843750000000000e-01
7.607421875000000000e-01
7.373046875000000000e-01
6.933593750000000000e-01
7.490234375000000000e-01
6.201171875000000000e-01
7.607421875000000000e-01
5.429687500000000000e-01
7.666015625000000000e-01
4.619140625000000000e-01
