1.845703125000000000e-01
4.775390625000000000e-01
1.992187500000000000e-01
5.556640625000000000e-01
2.167968750000000000e-01
6.289062500000000000e-01
2.343750000000000000e-01
7.001953125000000000e-01
2.656250000000000000e-01
7.636718750000000000e-01
3.144531250000000000e-01
8.115234375000000000e-01
3.789062500000000000e-01
8.457031250000000000e-01
4.433593750000000000e-01
8.730468750000000000e-01
5.058593750000000000e-01
8.847656250000000000e-01
5.683593750000000000e-01
8.740234375000000000e-01
6.308593750000000000e-01
8.437500000000000000e-01
6.884765625000000000e-01
8.056640625000000000e-01
7.324218750000000000e-01
7.558593750000000000e-01
7.587890625000000000e-01
6.923828125000000000e-01
7.734375000000000000e-01
6.220703125000000000e-01
7.871093750000000000e-01
5.498046875000000000e-01
7.978515625000000000e-01
4.755859375000000000e-01
