2.158203125000000000e-01
4.326171875000000000e-01
2.275390625000000000e-01
5.068359375000000000e-01
2.421875000000000000e-01
5.800781250000000000e-01
2.548828125000000000e-01
6.533203125000000000e-01
2.822265625000000000e-01
7.187500000000000000e-01
3.300781250000000000e-01
7.714843750000000000e-01
3.857421875000000000e-01
8.183593750000000000e-01
4.414062500000000000e-01
8.613281250000000000e-01
4.990234375000000000e-01
8.750000000000000000e-01
5.585937500000000000e-01
8.632812500000000000e-01
6.132812500000000000e-01
8.212890625000000000e-01
6.669921875000000000e-01
7.744140625000000000e-01
7.128906250000000000e-01
7.207031250000000000e-01
7.412109375000000000e-01
6.552734375000000000e-01
7.558593750000000000e-01
5.830078125000000000e-01
7.724609375000000000e-01
5.107421875000000000e-01
7.841796875000000000e-01
4.365234375000000000e-01
