2.373046875000000000e-01
4.746093750000000000e-01
2.451171875000000000e-01
5.419921875000000000e-01
2.578125000000000000e-01
6.083984375000000000e-01
2.753906250000000000e-01
6.738281250000000000e-01
3.037109375000000000e-01
7.314453125000000000e-01
3.457031250000000000e-01
7.783203125000000000e-01
3.964843750000000000e-01
8.173828125000000000e-01
4.453125000000000000e-01
8.515625000000000000e-01
4.990234375000000000e-01
8.642578125000000000e-01
5.566406250000000000e-01
8.525390625000000000e-01
6.152343750000000000e-01
8.193359375000000000e-01
6.767578125000000000e-01
7.812500000000000000e-01
7.294921875000000000e-01
7.294921875000000000e-01
7.656250000000000000e-01
6.669921875000000000e-01
7.841796875000000000e-01
5.996093750000000000e-01
7.978515625000000000e-01
5.273437500000000000e-01
8.076171875000000000e-01
4.511718750000000000e-01
