2.138671875000000000e-01
4.677734375000000000e-01
2.207031250000000000e-01
5.419921875000000000e-01
2.324218750000000000e-01
6.152343750000000000e-01
2.451171875000000000e-01
6.865234375000000000e-01
2.705078125000000000e-01
7.529296875000000000e-01
3.144531250000000000e-01
8.115234375000000000e-01
3.691406250000000000e-01
8.632812500000000000e-01
4.316406250000000000e-01
9.082031250000000000e-01
5.009765625000000000e-01
9.218750000000000000e-01
5.703125000000000000e-01
9.062500000000000000e-01
6.337890625000000000e-01
8.623046875000000000e-01
6.923828125000000000e-01
8.115234375000000000e-01
7.363281250000000000e-01
7.548828125000000000e-01
7.607421875000000000e-01
6.865234375000000000e-01
7.705078125000000000e-01
6.142578125000000000e-01
7.841796875000000000e-01
5.429687500000000000e-01
7.919921875000000000e-01
4.697265625000000000e-01
