2.089843750000000000e-01
4.628906250000000000e-01
2.148437500000000000e-01
5.419921875000000000e-01
2.255859375000000000e-01
6.171875000000000000e-01
2.392578125000000000e-01
6.904296875000000000e-01
2.666015625000000000e-01
7.587890625000000000e-01
3.144531250000000000e-01
8.173828125000000000e-01
3.720703125000000000e-01
8.642578125000000000e-01
4.316406250000000000e-01
9.042968750000000000e-01
4.960937500000000000e-01
9.208984375000000000e-01
5.634765625000000000e-01
9.072265625000000000e-01
6.269531250000000000e-01
8.681640625000000000e-01
6.855468750000000000e-01
8.222656250000000000e-01
7.353515625000000000e-01
7.675781250000000000e-01
7.646484375000000000e-01
6.972656250000000000e-01
7.773437500000000000e-01
6.201171875000000000e-01
7.890625000000000000e-01
5.439453125000000000e-01
7.968750000000000000e-01
4.677734375000000000e-01
