2.246093750000000000e-01
4.736328125000000000e-01
2.294921875000000000e-01
5.488281250000000000e-01
2.392578125000000000e-01
6.240234375000000000e-01
2.529296875000000000e-01
6.982421875000000000e-01
2.773437500000000000e-01
7.666015625000000000e-01
3.193359375000000000e-01
8.281250000000000000e-01
3.710937500000000000e-01
8.828125000000000000e-01
4.306640625000000000e-01
9.277343750000000000e-01
5.009765625000000000e-01
9.423828125000000000e-01
5.751953125000000000e-01
9.306640625000000000e-01
6.455078125000000000e-01
8.896484375000000000e-01
7.070312500000000000e-01
8.359375000000000000e-01
7.529296875000000000e-01
7.714843750000000000e-01
7.792968750000000000e-01
7.001953125000000000e-01
7.910156250000000000e-01
6.230468750000000000e-01
7.958984375000000000e-01
5.468750000000000000e-01
7.998046875000000000e-01
4.687500000000000000e-01
