2.617187500000000000e-01
4.648437500000000000e-01
2.607421875000000000e-01
5.322265625000000000e-01
2.666015625000000000e-01
6.005859375000000000e-01
2.783203125000000000e-01
6.679687500000000000e-01
3.046875000000000000e-01
7.324218750000000000e-01
3.466796875000000000e-01
7.890625000000000000e-01
3.896484375000000000e-01
8.447265625000000000e-01
4.394531250000000000e-01
9.013671875000000000e-01
5.039062500000000000e-01
9.199218750000000000e-01
5.742187500000000000e-01
9.121093750000000000e-01
6.445312500000000000e-01
8.691406250000000000e-01
7.099609375000000000e-01
8.203125000000000000e-01
7.666015625000000000e-01
7.617187500000000000e-01
8.027343750000000000e-01
6.923828125000000000e-01
8.183593750000000000e-01
6.123046875000000000e-01
8.291015625000000000e-01
5.332031250000000000e-01
8.369140625000000000e-01
4.492187500000000000e-01
