2.138671875000000000e-01
5.058593750000000000e-01
2.167968750000000000e-01
5.751953125000000000e-01
2.236328125000000000e-01
6.455078125000000000e-01
2.333984375000000000e-01
7.177734375000000000e-01
2.587890625000000000e-01
7.832031250000000000e-01
3.027343750000000000e-01
8.339843750000000000e-01
3.593750000000000000e-01
8.769531250000000000e-01
4.238281250000000000e-01
9.121093750000000000e-01
4.980468750000000000e-01
9.218750000000000000e-01
5.703125000000000000e-01
9.091796875000000000e-01
6.367187500000000000e-01
8.730468750000000000e-01
6.943359375000000000e-01
8.291015625000000000e-01
7.412109375000000000e-01
7.773437500000000000e-01
7.656250000000000000e-01
7.119140625000000000e-01
7.744140625000000000e-01
6.406250000000000000e-01
7.802734375000000000e-01
5.703125000000000000e-01
7.832031250000000000e-01
4.980468750000000000e-01
