2.275390625000000000e-01
4.638671875000000000e-01
2.304687500000000000e-01
5.390625000000000000e-01
2.402343750000000000e-01
6.113281250000000000e-01
2.539062500000000000e-01
6.835937500000000000e-01
2.783203125000000000e-01
7.519531250000000000e-01
3.203125000000000000e-01
8.105468750000000000e-01
3.750000000000000000e-01
8.603515625000000000e-01
4.375000000000000000e-01
8.994140625000000000e-01
5.039062500000000000e-01
9.101562500000000000e-01
5.673828125000000000e-01
8.964843750000000000e-01
6.250000000000000000e-01
8.525390625000000000e-01
6.777343750000000000e-01
8.046875000000000000e-01
7.197265625000000000e-01
7.509765625000000000e-01
7.451171875000000000e-01
6.875000000000000000e-01
7.587890625000000000e-01
6.201171875000000000e-01
7.675781250000000000e-01
5.507812500000000000e-01
7.685546875000000000e-01
4.785156250000000000e-01
