2.119140625000000000e-01
4.912109375000000000e-01
2.167968750000000000e-01
5.634765625000000000e-01
2.246093750000000000e-01
6.318359375000000000e-01
2.343750000000000000e-01
7.011718750000000000e-01
2.578125000000000000e-01
7.685546875000000000e-01
3.027343750000000000e-01
8.242187500000000000e-01
3.583984375000000000e-01
8.710937500000000000e-01
4.248046875000000000e-01
9.091796875000000000e-01
4.960937500000000000e-01
9.199218750000000000e-01
5.664062500000000000e-01
9.082031250000000000e-01
6.318359375000000000e-01
8.662109375000000000e-01
6.875000000000000000e-01
8.164062500000000000e-01
7.304687500000000000e-01
7.587890625000000000e-01
7.539062500000000000e-01
6.904296875000000000e-01
7.666015625000000000e-01
6.201171875000000000e-01
7.753906250000000000e-01
5.537109375000000000e-01
7.812500000000000000e-01
4.843750000000000000e-01
