2.119140625000000000e-01
4.931640625000000000e-01
2.128906250000000000e-01
5.683593750000000000e-01
2.197265625000000000e-01
6.435546875000000000e-01
2.324218750000000000e-01
7.177734375000000000e-01
2.568359375000000000e-01
7.851562500000000000e-01
3.017578125000000000e-01
8.417968750000000000e-01
3.564453125000000000e-01
8.906250000000000000e-01
4.179687500000000000e-01
9.326171875000000000e-01
4.902343750000000000e-01
9.482421875000000000e-01
5.625000000000000000e-01
9.355468750000000000e-01
6.289062500000000000e-01
8.964843750000000000e-01
6.875000000000000000e-01
8.457031250000000000e-01
7.343750000000000000e-01
7.871093750000000000e-01
7.597656250000000000e-01
7.167968750000000000e-01
7.734375000000000000e-01
6.416015625000000000e-01
7.812500000000000000e-01
5.664062500000000000e-01
7.861328125000000000e-01
4.912109375000000000e-01
