2.343750000000000000e-01
4.814453125000000000e-01
2.333984375000000000e-01
5.527343750000000000e-01
2.402343750000000000e-01
6.250000000000000000e-01
2.519531250000000000e-01
6.953125000000000000e-01
2.705078125000000000e-01
7.666015625000000000e-01
3.037109375000000000e-01
8.320312500000000000e-01
3.515625000000000000e-01
8.876953125000000000e-01
4.111328125000000000e-01
9.335937500000000000e-01
4.804687500000000000e-01
9.541015625000000000e-01
5.556640625000000000e-01
9.453125000000000000e-01
6.328125000000000000e-01
9.150390625000000000e-01
7.001953125000000000e-01
8.701171875000000000e-01
7.539062500000000000e-01
8.105468750000000000e-01
7.841796875000000000e-01
7.382812500000000000e-01
7.998046875000000000e-01
6.601562500000000000e-01
8.115234375000000000e-01
5.820312500000000000e-01
8.203125000000000000e-01
5.019531250000000000e-01
