2.519531250000000000e-01
4.736328125000000000e-01
2.529296875000000000e-01
5.410156250000000000e-01
2.568359375000000000e-01
6.083984375000000000e-01
2.626953125000000000e-01
6.787109375000000000e-01
2.792968750000000000e-01
7.490234375000000000e-01
3.134765625000000000e-01
8.085937500000000000e-01
3.574218750000000000e-01
8.623046875000000000e-01
4.130859375000000000e-01
9.072265625000000000e-01
4.873046875000000000e-01
9.238281250000000000e-01
5.693359375000000000e-01
9.140625000000000000e-01
6.416015625000000000e-01
8.740234375000000000e-01
7.041015625000000000e-01
8.222656250000000000e-01
7.568359375000000000e-01
7.646484375000000000e-01
7.890625000000000000e-01
6.953125000000000000e-01
8.027343750000000000e-01
6.191406250000000000e-01
8.085937500000000000e-01
5.429687500000000000e-01
8.164062500000000000e-01
4.658203125000000000e-01
