1.503906250000000000e-01
4.873046875000000000e-01
1.630859375000000000e-01
5.664062500000000000e-01
1.787109375000000000e-01
6.435546875000000000e-01
2.011718750000000000e-01
7.177734375000000000e-01
2.363281250000000000e-01
7.802734375000000000e-01
2.880859375000000000e-01
8.291015625000000000e-01
3.505859375000000000e-01
8.662109375000000000e-01
4.160156250000000000e-01
8.964843750000000000e-01
4.794921875000000000e-01
9.062500000000000000e-01
5.371093750000000000e-01
8.935546875000000000e-01
5.908203125000000000e-01
8.623046875000000000e-01
6.435546875000000000e-01
8.232421875000000000e-01
6.875000000000000000e-01
7.724609375000000000e-01
7.177734375000000000e-01
7.109375000000000000e-01
7.373046875000000000e-01
6.416015625000000000e-01
7.529296875000000000e-01
5.712890625000000000e-01
7.626953125000000000e-01
4.990234375000000000e-01
