2.089843750000000000e-01
4.785156250000000000e-01
2.167968750000000000e-01
5.507812500000000000e-01
2.294921875000000000e-01
6.201171875000000000e-01
2.441406250000000000e-01
6.904296875000000000e-01
2.705078125000000000e-01
7.529296875000000000e-01
3.144531250000000000e-01
8.037109375000000000e-01
3.720703125000000000e-01
8.427734375000000000e-01
4.335937500000000000e-01
8.779296875000000000e-01
4.980468750000000000e-01
8.916015625000000000e-01
5.605468750000000000e-01
8.808593750000000000e-01
6.201171875000000000e-01
8.466796875000000000e-01
6.757812500000000000e-01
8.056640625000000000e-01
7.216796875000000000e-01
7.558593750000000000e-01
7.480468750000000000e-01
6.914062500000000000e-01
7.636718750000000000e-01
6.240234375000000000e-01
7.783203125000000000e-01
5.556640625000000000e-01
7.910156250000000000e-01
4.833984375000000000e-01
