2.763671875000000000e-01
4.960937500000000000e-01
2.666015625000000000e-01
5.566406250000000000e-01
2.656250000000000000e-01
6.220703125000000000e-01
2.724609375000000000e-01
6.914062500000000000e-01
2.880859375000000000e-01
7.607421875000000000e-01
3.164062500000000000e-01
8.281250000000000000e-01
3.564453125000000000e-01
8.886718750000000000e-01
4.091796875000000000e-01
9.394531250000000000e-01
4.785156250000000000e-01
9.589843750000000000e-01
5.576171875000000000e-01
9.501953125000000000e-01
6.328125000000000000e-01
9.140625000000000000e-01
7.021484375000000000e-01
8.642578125000000000e-01
7.568359375000000000e-01
7.998046875000000000e-01
7.929687500000000000e-01
7.265625000000000000e-01
8.115234375000000000e-01
6.494140625000000000e-01
8.222656250000000000e-01
5.712890625000000000e-01
8.300781250000000000e-01
4.921875000000000000e-01
