2.158203125000000000e-01
4.814453125000000000e-01
2.187500000000000000e-01
5.595703125000000000e-01
2.255859375000000000e-01
6.347656250000000000e-01
2.373046875000000000e-01
7.099609375000000000e-01
2.656250000000000000e-01
7.812500000000000000e-01
3.134765625000000000e-01
8.457031250000000000e-01
3.710937500000000000e-01
9.023437500000000000e-01
4.384765625000000000e-01
9.511718750000000000e-01
5.087890625000000000e-01
9.677734375000000000e-01
5.839843750000000000e-01
9.521484375000000000e-01
6.542968750000000000e-01
9.042968750000000000e-01
7.187500000000000000e-01
8.496093750000000000e-01
7.695312500000000000e-01
7.861328125000000000e-01
7.958984375000000000e-01
7.148437500000000000e-01
8.056640625000000000e-01
6.376953125000000000e-01
8.115234375000000000e-01
5.615234375000000000e-01
8.085937500000000000e-01
4.843750000000000000e-01
