2.216796875000000000e-01
4.619140625000000000e-01
2.304687500000000000e-01
5.361328125000000000e-01
2.451171875000000000e-01
6.123046875000000000e-01
2.626953125000000000e-01
6.855468750000000000e-01
2.890625000000000000e-01
7.548828125000000000e-01
3.291015625000000000e-01
8.134765625000000000e-01
3.798828125000000000e-01
8.623046875000000000e-01
4.355468750000000000e-01
9.023437500000000000e-01
4.960937500000000000e-01
9.179687500000000000e-01
5.576171875000000000e-01
9.052734375000000000e-01
6.171875000000000000e-01
8.652343750000000000e-01
6.748046875000000000e-01
8.203125000000000000e-01
7.265625000000000000e-01
7.656250000000000000e-01
7.607421875000000000e-01
6.992187500000000000e-01
7.802734375000000000e-01
6.259765625000000000e-01
7.958984375000000000e-01
5.498046875000000000e-01
8.085937500000000000e-01
4.707031250000000000e-01
