2.050781250000000000e-01
4.941406250000000000e-01
2.119140625000000000e-01
5.644531250000000000e-01
2.246093750000000000e-01
6.357421875000000000e-01
2.392578125000000000e-01
7.041015625000000000e-01
2.675781250000000000e-01
7.675781250000000000e-01
3.154296875000000000e-01
8.232421875000000000e-01
3.730468750000000000e-01
8.662109375000000000e-01
4.375000000000000000e-01
8.984375000000000000e-01
5.029296875000000000e-01
9.091796875000000000e-01
5.664062500000000000e-01
8.916015625000000000e-01
6.240234375000000000e-01
8.486328125000000000e-01
6.738281250000000000e-01
8.007812500000000000e-01
7.099609375000000000e-01
7.470703125000000000e-01
7.294921875000000000e-01
6.865234375000000000e-01
7.392578125000000000e-01
6.230468750000000000e-01
7.460937500000000000e-01
5.605468750000000000e-01
7.421875000000000000e-01
4.960937500000000000e-01
