2.070312500000000000e-01
4.462890625000000000e-01
2.187500000000000000e-01
5.195312500000000000e-01
2.314453125000000000e-01
5.917968750000000000e-01
2.451171875000000000e-01
6.621093750000000000e-01
2.783203125000000000e-01
7.246093750000000000e-01
3.291015625000000000e-01
7.705078125000000000e-01
3.876953125000000000e-01
8.076171875000000000e-01
4.433593750000000000e-01
8.369140625000000000e-01
4.980468750000000000e-01
8.496093750000000000e-01
5.507812500000000000e-01
8.398437500000000000e-01
6.064453125000000000e-01
8.115234375000000000e-01
6.630859375000000000e-01
7.714843750000000000e-01
7.119140625000000000e-01
7.246093750000000000e-01
7.421875000000000000e-01
6.611328125000000000e-01
7.607421875000000000e-01
5.927734375000000000e-01
7.773437500000000000e-01
5.205078125000000000e-01
7.900390625000000000e-01
4.453125000000000000e-01
