2.451171875000000000e-01
4.843750000000000000e-01
2.402343750000000000e-01
5.556640625000000000e-01
2.441406250000000000e-01
6.269531250000000000e-01
2.519531250000000000e-01
6.982421875000000000e-01
2.724609375000000000e-01
7.675781250000000000e-01
3.115234375000000000e-01
8.300781250000000000e-01
3.623046875000000000e-01
8.818359375000000000e-01
4.238281250000000000e-01
9.257812500000000000e-01
4.921875000000000000e-01
9.414062500000000000e-01
5.634765625000000000e-01
9.306640625000000000e-01
6.357421875000000000e-01
8.964843750000000000e-01
7.031250000000000000e-01
8.535156250000000000e-01
7.568359375000000000e-01
7.968750000000000000e-01
7.871093750000000000e-01
7.275390625000000000e-01
7.988281250000000000e-01
6.523437500000000000e-01
8.066406250000000000e-01
5.781250000000000000e-01
8.085937500000000000e-01
5.019531250000000000e-01
