2.255859375000000000e-01
4.746093750000000000e-01
2.294921875000000000e-01
5.478515625000000000e-01
2.392578125000000000e-01
6.220703125000000000e-01
2.480468750000000000e-01
6.953125000000000000e-01
2.685546875000000000e-01
7.656250000000000000e-01
3.056640625000000000e-01
8.251953125000000000e-01
3.564453125000000000e-01
8.789062500000000000e-01
4.189453125000000000e-01
9.169921875000000000e-01
4.960937500000000000e-01
9.296875000000000000e-01
5.781250000000000000e-01
9.218750000000000000e-01
6.533203125000000000e-01
8.886718750000000000e-01
7.128906250000000000e-01
8.359375000000000000e-01
7.587890625000000000e-01
7.714843750000000000e-01
7.851562500000000000e-01
6.982421875000000000e-01
7.998046875000000000e-01
6.220703125000000000e-01
8.085937500000000000e-01
5.478515625000000000e-01
8.115234375000000000e-01
4.726562500000000000e-01
