2.080078125000000000e-01
4.853515625000000000e-01
2.177734375000000000e-01
5.546875000000000000e-01
2.314453125000000000e-01
6.230468750000000000e-01
2.470703125000000000e-01
6.904296875000000000e-01
2.763671875000000000e-01
7.490234375000000000e-01
3.203125000000000000e-01
7.988281250000000000e-01
3.740234375000000000e-01
8.388671875000000000e-01
4.306640625000000000e-01
8.730468750000000000e-01
4.882812500000000000e-01
8.847656250000000000e-01
5.468750000000000000e-01
8.740234375000000000e-01
6.025390625000000000e-01
8.378906250000000000e-01
6.572265625000000000e-01
7.968750000000000000e-01
7.001953125000000000e-01
7.490234375000000000e-01
7.275390625000000000e-01
6.865234375000000000e-01
7.412109375000000000e-01
6.201171875000000000e-01
7.548828125000000000e-01
5.537109375000000000e-01
7.646484375000000000e-01
4.833984375000000000e-01
