2.558593750000000000e-01
5.166015625000000000e-01
2.529296875000000000e-01
5.810546875000000000e-01
2.568359375000000000e-01
6.474609375000000000e-01
2.675781250000000000e-01
7.128906250000000000e-01
2.861328125000000000e-01
7.773437500000000000e-01
3.154296875000000000e-01
8.359375000000000000e-01
3.574218750000000000e-01
8.886718750000000000e-01
4.121093750000000000e-01
9.326171875000000000e-01
4.833984375000000000e-01
9.472656250000000000e-01
5.615234375000000000e-01
9.375000000000000000e-01
6.357421875000000000e-01
9.091796875000000000e-01
7.031250000000000000e-01
8.662109375000000000e-01
7.558593750000000000e-01
8.125000000000000000e-01
7.861328125000000000e-01
7.441406250000000000e-01
8.027343750000000000e-01
6.679687500000000000e-01
8.125000000000000000e-01
5.917968750000000000e-01
8.193359375000000000e-01
5.146484375000000000e-01
