1.445312500000000000e-01
4.580078125000000000e-01
1.523437500000000000e-01
5.419921875000000000e-01
1.660156250000000000e-01
6.269531250000000000e-01
1.865234375000000000e-01
7.080078125000000000e-01
2.285156250000000000e-01
7.802734375000000000e-01
2.900390625000000000e-01
8.388671875000000000e-01
3.642578125000000000e-01
8.857421875000000000e-01
4.414062500000000000e-01
9.199218750000000000e-01
5.126953125000000000e-01
9.248046875000000000e-01
5.732421875000000000e-01
9.033203125000000000e-01
6.191406250000000000e-01
8.486328125000000000e-01
6.611328125000000000e-01
7.939453125000000000e-01
6.953125000000000000e-01
7.343750000000000000e-01
7.167968750000000000e-01
6.689453125000000000e-01
7.304687500000000000e-01
6.015625000000000000e-01
7.324218750000000000e-01
5.371093750000000000e-01
7.265625000000000000e-01
4.716796875000000000e-01
