2.392578125000000000e-01
4.638671875000000000e-01
2.441406250000000000e-01
5.361328125000000000e-01
2.568359375000000000e-01
6.074218750000000000e-01
2.724609375000000000e-01
6.757812500000000000e-01
2.968750000000000000e-01
7.412109375000000000e-01
3.408203125000000000e-01
7.978515625000000000e-01
3.945312500000000000e-01
8.466796875000000000e-01
4.492187500000000000e-01
8.886718750000000000e-01
5.087890625000000000e-01
9.042968750000000000e-01
5.712890625000000000e-01
8.955078125000000000e-01
6.347656250000000000e-01
8.613281250000000000e-01
6.953125000000000000e-01
8.173828125000000000e-01
7.460937500000000000e-01
7.626953125000000000e-01
7.783203125000000000e-01
6.953125000000000000e-01
7.929687500000000000e-01
6.210937500000000000e-01
8.037109375000000000e-01
5.439453125000000000e-01
8.115234375000000000e-01
4.658203125000000000e-01
