2.031250000000000000e-01
4.824218750000000000e-01
2.089843750000000000e-01
5.585937500000000000e-01
2.158203125000000000e-01
6.328125000000000000e-01
2.265625000000000000e-01
7.070312500000000000e-01
2.529296875000000000e-01
7.744140625000000000e-01
2.978515625000000000e-01
8.291015625000000000e-01
3.535156250000000000e-01
8.779296875000000000e-01
4.179687500000000000e-01
9.160156250000000000e-01
4.931640625000000000e-01
9.248046875000000000e-01
5.673828125000000000e-01
9.140625000000000000e-01
6.337890625000000000e-01
8.759765625000000000e-01
6.904296875000000000e-01
8.291015625000000000e-01
7.324218750000000000e-01
7.705078125000000000e-01
7.548828125000000000e-01
7.011718750000000000e-01
7.626953125000000000e-01
6.279296875000000000e-01
7.695312500000000000e-01
5.566406250000000000e-01
7.753906250000000000e-01
4.833984375000000000e-01
