2.070312500000000000e-01
4.736328125000000000e-01
2.128906250000000000e-01
5.478515625000000000e-01
2.236328125000000000e-01
6.230468750000000000e-01
2.412109375000000000e-01
6.953125000000000000e-01
2.656250000000000000e-01
7.646484375000000000e-01
3.066406250000000000e-01
8.261718750000000000e-01
3.623046875000000000e-01
8.789062500000000000e-01
4.277343750000000000e-01
9.160156250000000000e-01
4.990234375000000000e-01
9.179687500000000000e-01
5.664062500000000000e-01
9.052734375000000000e-01
6.201171875000000000e-01
8.652343750000000000e-01
6.630859375000000000e-01
8.134765625000000000e-01
6.962890625000000000e-01
7.539062500000000000e-01
7.119140625000000000e-01
6.865234375000000000e-01
7.197265625000000000e-01
6.152343750000000000e-01
7.246093750000000000e-01
5.439453125000000000e-01
7.226562500000000000e-01
4.755859375000000000e-01
