1.992187500000000000e-01
4.941406250000000000e-01
2.041015625000000000e-01
5.693359375000000000e-01
2.128906250000000000e-01
6.396484375000000000e-01
2.285156250000000000e-01
7.099609375000000000e-01
2.597656250000000000e-01
7.763671875000000000e-01
3.085937500000000000e-01
8.320312500000000000e-01
3.681640625000000000e-01
8.769531250000000000e-01
4.345703125000000000e-01
9.082031250000000000e-01
5.029296875000000000e-01
9.130859375000000000e-01
5.634765625000000000e-01
9.003906250000000000e-01
6.142578125000000000e-01
8.632812500000000000e-01
6.552734375000000000e-01
8.203125000000000000e-01
6.835937500000000000e-01
7.666015625000000000e-01
7.011718750000000000e-01
7.089843750000000000e-01
7.099609375000000000e-01
6.494140625000000000e-01
7.167968750000000000e-01
5.908203125000000000e-01
7.207031250000000000e-01
5.292968750000000000e-01
