1.806640625000000000e-01
4.902343750000000000e-01
1.845703125000000000e-01
5.625000000000000000e-01
1.904296875000000000e-01
6.376953125000000000e-01
2.011718750000000000e-01
7.148437500000000000e-01
2.265625000000000000e-01
7.871093750000000000e-01
2.753906250000000000e-01
8.457031250000000000e-01
3.398437500000000000e-01
8.945312500000000000e-01
4.150390625000000000e-01
9.296875000000000000e-01
5.000000000000000000e-01
9.384765625000000000e-01
5.800781250000000000e-01
9.257812500000000000e-01
6.464843750000000000e-01
8.857421875000000000e-01
7.001953125000000000e-01
8.339843750000000000e-01
7.402343750000000000e-01
7.734375000000000000e-01
7.587890625000000000e-01
7.031250000000000000e-01
7.695312500000000000e-01
6.318359375000000000e-01
7.744140625000000000e-01
5.634765625000000000e-01
7.773437500000000000e-01
4.941406250000000000e-01
