2.314453125000000000e-01
4.619140625000000000e-01
2.353515625000000000e-01
5.380859375000000000e-01
2.451171875000000000e-01
6.123046875000000000e-01
2.558593750000000000e-01
6.865234375000000000e-01
2.783203125000000000e-01
7.558593750000000000e-01
3.203125000000000000e-01
8.144531250000000000e-01
3.730468750000000000e-01
8.642578125000000000e-01
4.326171875000000000e-01
9.091796875000000000e-01
4.970703125000000000e-01
9.257812500000000000e-01
5.654296875000000000e-01
9.140625000000000000e-01
6.328125000000000000e-01
8.759765625000000000e-01
6.962890625000000000e-01
8.281250000000000000e-01
7.500000000000000000e-01
7.714843750000000000e-01
7.802734375000000000e-01
7.011718750000000000e-01
7.919921875000000000e-01
6.230468750000000000e-01
8.037109375000000000e-01
5.458984375000000000e-01
8.095703125000000000e-01
4.677734375000000000e-01
