2.216796875000000000e-01
4.355468750000000000e-01
2.275390625000000000e-01
5.107421875000000000e-01
2.412109375000000000e-01
5.849609375000000000e-01
2.597656250000000000e-01
6.562500000000000000e-01
2.851562500000000000e-01
7.216796875000000000e-01
3.271484375000000000e-01
7.802734375000000000e-01
3.779296875000000000e-01
8.291015625000000000e-01
4.355468750000000000e-01
8.710937500000000000e-01
4.970703125000000000e-01
8.818359375000000000e-01
5.585937500000000000e-01
8.720703125000000000e-01
6.103515625000000000e-01
8.339843750000000000e-01
6.601562500000000000e-01
7.861328125000000000e-01
7.011718750000000000e-01
7.294921875000000000e-01
7.304687500000000000e-01
6.660156250000000000e-01
7.500000000000000000e-01
5.957031250000000000e-01
7.636718750000000000e-01
5.185546875000000000e-01
7.714843750000000000e-01
4.443359375000000000e-01
