2.089843750000000000e-01
4.863281250000000000e-01
2.236328125000000000e-01
5.595703125000000000e-01
2.402343750000000000e-01
6.308593750000000000e-01
2.578125000000000000e-01
6.982421875000000000e-01
2.919921875000000000e-01
7.558593750000000000e-01
3.447265625000000000e-01
7.998046875000000000e-01
3.984375000000000000e-01
8.339843750000000000e-01
4.511718750000000000e-01
8.652343750000000000e-01
5.029296875000000000e-01
8.789062500000000000e-01
5.546875000000000000e-01
8.632812500000000000e-01
6.132812500000000000e-01
8.291015625000000000e-01
6.738281250000000000e-01
7.910156250000000000e-01
7.246093750000000000e-01
7.441406250000000000e-01
7.607421875000000000e-01
6.835937500000000000e-01
7.773437500000000000e-01
6.123046875000000000e-01
7.871093750000000000e-01
5.410156250000000000e-01
7.939453125000000000e-01
4.667968750000000000e-01
