2.177734375000000000e-01
5.058593750000000000e-01
2.187500000000000000e-01
5.722656250000000000e-01
2.265625000000000000e-01
6.386718750000000000e-01
2.373046875000000000e-01
7.080078125000000000e-01
2.626953125000000000e-01
7.753906250000000000e-01
3.056640625000000000e-01
8.330078125000000000e-01
3.603515625000000000e-01
8.818359375000000000e-01
4.248046875000000000e-01
9.257812500000000000e-01
4.970703125000000000e-01
9.414062500000000000e-01
5.683593750000000000e-01
9.296875000000000000e-01
6.337890625000000000e-01
8.876953125000000000e-01
6.904296875000000000e-01
8.388671875000000000e-01
7.343750000000000000e-01
7.773437500000000000e-01
7.626953125000000000e-01
7.080078125000000000e-01
7.744140625000000000e-01
6.396484375000000000e-01
7.841796875000000000e-01
5.751953125000000000e-01
7.851562500000000000e-01
5.078125000000000000e-01
