1.972656250000000000e-01
5.019531250000000000e-01
2.021484375000000000e-01
5.703125000000000000e-01
2.128906250000000000e-01
6.386718750000000000e-01
2.314453125000000000e-01
7.021484375000000000e-01
2.617187500000000000e-01
7.626953125000000000e-01
3.066406250000000000e-01
8.105468750000000000e-01
3.681640625000000000e-01
8.457031250000000000e-01
4.316406250000000000e-01
8.701171875000000000e-01
4.980468750000000000e-01
8.789062500000000000e-01
5.605468750000000000e-01
8.662109375000000000e-01
6.162109375000000000e-01
8.388671875000000000e-01
6.699218750000000000e-01
8.027343750000000000e-01
7.089843750000000000e-01
7.519531250000000000e-01
7.333984375000000000e-01
6.904296875000000000e-01
7.490234375000000000e-01
6.289062500000000000e-01
7.597656250000000000e-01
5.673828125000000000e-01
7.646484375000000000e-01
5.048828125000000000e-01
