2.363281250000000000e-01
5.019531250000000000e-01
2.314453125000000000e-01
5.673828125000000000e-01
2.324218750000000000e-01
6.357421875000000000e-01
2.441406250000000000e-01
7.041015625000000000e-01
2.685546875000000000e-01
7.724609375000000000e-01
3.095703125000000000e-01
8.339843750000000000e-01
3.603515625000000000e-01
8.886718750000000000e-01
4.199218750000000000e-01
9.355468750000000000e-01
4.941406250000000000e-01
9.492187500000000000e-01
5.732421875000000000e-01
9.355468750000000000e-01
6.435546875000000000e-01
8.945312500000000000e-01
7.099609375000000000e-01
8.457031250000000000e-01
7.626953125000000000e-01
7.841796875000000000e-01
7.949218750000000000e-01
7.119140625000000000e-01
8.095703125000000000e-01
6.376953125000000000e-01
8.134765625000000000e-01
5.615234375000000000e-01
8.144531250000000000e-01
4.882812500000000000e-01
