2.128906250000000000e-01
4.716796875000000000e-01
2.236328125000000000e-01
5.488281250000000000e-01
2.363281250000000000e-01
6.230468750000000000e-01
2.519531250000000000e-01
6.943359375000000000e-01
2.822265625000000000e-01
7.568359375000000000e-01
3.281250000000000000e-01
8.066406250000000000e-01
3.847656250000000000e-01
8.457031250000000000e-01
4.443359375000000000e-01
8.779296875000000000e-01
5.039062500000000000e-01
8.886718750000000000e-01
5.625000000000000000e-01
8.750000000000000000e-01
6.210937500000000000e-01
8.398437500000000000e-01
6.787109375000000000e-01
7.998046875000000000e-01
7.255859375000000000e-01
7.490234375000000000e-01
7.558593750000000000e-01
6.855468750000000000e-01
7.695312500000000000e-01
6.132812500000000000e-01
7.822265625000000000e-01
5.410156250000000000e-01
7.958984375000000000e-01
4.628906250000000000e-01
