2.480468750000000000e-01
4.765625000000000000e-01
2.500000000000000000e-01
5.468750000000000000e-01
2.626953125000000000e-01
6.171875000000000000e-01
2.783203125000000000e-01
6.835937500000000000e-01
3.056640625000000000e-01
7.460937500000000000e-01
3.427734375000000000e-01
8.007812500000000000e-01
3.886718750000000000e-01
8.496093750000000000e-01
4.423828125000000000e-01
8.886718750000000000e-01
5.009765625000000000e-01
8.955078125000000000e-01
5.566406250000000000e-01
8.789062500000000000e-01
6.064453125000000000e-01
8.330078125000000000e-01
6.494140625000000000e-01
7.802734375000000000e-01
6.845703125000000000e-01
7.246093750000000000e-01
7.089843750000000000e-01
6.640625000000000000e-01
7.236328125000000000e-01
6.005859375000000000e-01
7.353515625000000000e-01
5.351562500000000000e-01
7.373046875000000000e-01
4.687500000000000000e-01
