1.562500000000000000e-01
4.833984375000000000e-01
1.601562500000000000e-01
5.634765625000000000e-01
1.650390625000000000e-01
6.425781250000000000e-01
1.806640625000000000e-01
7.197265625000000000e-01
2.177734375000000000e-01
7.880859375000000000e-01
2.783203125000000000e-01
8.417968750000000000e-01
3.554687500000000000e-01
8.837890625000000000e-01
4.355468750000000000e-01
9.150390625000000000e-01
5.185546875000000000e-01
9.189453125000000000e-01
5.947265625000000000e-01
9.042968750000000000e-01
6.562500000000000000e-01
8.623046875000000000e-01
7.080078125000000000e-01
8.115234375000000000e-01
7.412109375000000000e-01
7.529296875000000000e-01
7.568359375000000000e-01
6.826171875000000000e-01
7.607421875000000000e-01
6.123046875000000000e-01
7.597656250000000000e-01
5.468750000000000000e-01
7.539062500000000000e-01
4.804687500000000000e-01
