1.796875000000000000e-01
4.863281250000000000e-01
1.943359375000000000e-01
5.566406250000000000e-01
2.099609375000000000e-01
6.250000000000000000e-01
2.285156250000000000e-01
6.904296875000000000e-01
2.597656250000000000e-01
7.490234375000000000e-01
3.085937500000000000e-01
7.900390625000000000e-01
3.691406250000000000e-01
8.193359375000000000e-01
4.296875000000000000e-01
8.466796875000000000e-01
4.921875000000000000e-01
8.593750000000000000e-01
5.546875000000000000e-01
8.496093750000000000e-01
6.162109375000000000e-01
8.222656250000000000e-01
6.777343750000000000e-01
7.929687500000000000e-01
7.246093750000000000e-01
7.490234375000000000e-01
7.539062500000000000e-01
6.904296875000000000e-01
7.695312500000000000e-01
6.240234375000000000e-01
7.832031250000000000e-01
5.556640625000000000e-01
7.949218750000000000e-01
4.843750000000000000e-01
