2.119140625000000000e-01
4.560546875000000000e-01
2.207031250000000000e-01
5.312500000000000000e-01
2.333984375000000000e-01
6.025390625000000000e-01
2.480468750000000000e-01
6.728515625000000000e-01
2.753906250000000000e-01
7.353515625000000000e-01
3.222656250000000000e-01
7.871093750000000000e-01
3.759765625000000000e-01
8.339843750000000000e-01
4.345703125000000000e-01
8.740234375000000000e-01
5.048828125000000000e-01
8.808593750000000000e-01
5.732421875000000000e-01
8.652343750000000000e-01
6.279296875000000000e-01
8.193359375000000000e-01
6.757812500000000000e-01
7.714843750000000000e-01
7.187500000000000000e-01
7.207031250000000000e-01
7.431640625000000000e-01
6.591796875000000000e-01
7.509765625000000000e-01
5.917968750000000000e-01
7.578125000000000000e-01
5.263671875000000000e-01
7.656250000000000000e-01
4.560546875000000000e-01
