2.255859375000000000e-01
4.775390625000000000e-01
2.304687500000000000e-01
5.478515625000000000e-01
2.431640625000000000e-01
6.162109375000000000e-01
2.597656250000000000e-01
6.835937500000000000e-01
2.871093750000000000e-01
7.480468750000000000e-01
3.300781250000000000e-01
8.046875000000000000e-01
3.818359375000000000e-01
8.525390625000000000e-01
4.384765625000000000e-01
8.886718750000000000e-01
4.980468750000000000e-01
8.964843750000000000e-01
5.537109375000000000e-01
8.808593750000000000e-01
6.054687500000000000e-01
8.417968750000000000e-01
6.552734375000000000e-01
7.968750000000000000e-01
6.943359375000000000e-01
7.441406250000000000e-01
7.177734375000000000e-01
6.826171875000000000e-01
7.304687500000000000e-01
6.162109375000000000e-01
7.412109375000000000e-01
5.507812500000000000e-01
7.441406250000000000e-01
4.843750000000000000e-01
