2.216796875000000000e-01
4.628906250000000000e-01
2.265625000000000000e-01
5.390625000000000000e-01
2.373046875000000000e-01
6.132812500000000000e-01
2.500000000000000000e-01
6.875000000000000000e-01
2.773437500000000000e-01
7.558593750000000000e-01
3.242187500000000000e-01
8.144531250000000000e-01
3.779296875000000000e-01
8.662109375000000000e-01
4.365234375000000000e-01
9.121093750000000000e-01
5.009765625000000000e-01
9.248046875000000000e-01
5.664062500000000000e-01
9.082031250000000000e-01
6.279296875000000000e-01
8.632812500000000000e-01
6.845703125000000000e-01
8.125000000000000000e-01
7.324218750000000000e-01
7.548828125000000000e-01
7.617187500000000000e-01
6.884765625000000000e-01
7.724609375000000000e-01
6.142578125000000000e-01
7.792968750000000000e-01
5.410156250000000000e-01
7.812500000000000000e-01
4.658203125000000000e-01
