2.011718750000000000e-01
4.853515625000000000e-01
2.060546875000000000e-01
5.566406250000000000e-01
2.158203125000000000e-01
6.269531250000000000e-01
2.285156250000000000e-01
6.982421875000000000e-01
2.529296875000000000e-01
7.656250000000000000e-01
2.988281250000000000e-01
8.222656250000000000e-01
3.593750000000000000e-01
8.691406250000000000e-01
4.287109375000000000e-01
9.072265625000000000e-01
5.009765625000000000e-01
9.199218750000000000e-01
5.722656250000000000e-01
9.042968750000000000e-01
6.328125000000000000e-01
8.603515625000000000e-01
6.835937500000000000e-01
8.105468750000000000e-01
7.216796875000000000e-01
7.539062500000000000e-01
7.431640625000000000e-01
6.894531250000000000e-01
7.529296875000000000e-01
6.210937500000000000e-01
7.587890625000000000e-01
5.566406250000000000e-01
7.607421875000000000e-01
4.912109375000000000e-01
