2.070312500000000000e-01
4.765625000000000000e-01
2.119140625000000000e-01
5.576171875000000000e-01
2.226562500000000000e-01
6.376953125000000000e-01
2.353515625000000000e-01
7.158203125000000000e-01
2.656250000000000000e-01
7.861328125000000000e-01
3.144531250000000000e-01
8.476562500000000000e-01
3.681640625000000000e-01
9.042968750000000000e-01
4.296875000000000000e-01
9.482421875000000000e-01
5.029296875000000000e-01
9.628906250000000000e-01
5.751953125000000000e-01
9.501953125000000000e-01
6.308593750000000000e-01
8.994140625000000000e-01
6.777343750000000000e-01
8.378906250000000000e-01
7.187500000000000000e-01
7.744140625000000000e-01
7.441406250000000000e-01
7.041015625000000000e-01
7.568359375000000000e-01
6.289062500000000000e-01
7.626953125000000000e-01
5.537109375000000000e-01
7.626953125000000000e-01
4.746093750000000000e-01
