2.460937500000000000e-01
4.697265625000000000e-01
2.470703125000000000e-01
5.419921875000000000e-01
2.529296875000000000e-01
6.132812500000000000e-01
2.626953125000000000e-01
6.855468750000000000e-01
2.880859375000000000e-01
7.500000000000000000e-01
3.300781250000000000e-01
8.027343750000000000e-01
3.828125000000000000e-01
8.486328125000000000e-01
4.384765625000000000e-01
8.916015625000000000e-01
5.019531250000000000e-01
9.091796875000000000e-01
5.693359375000000000e-01
8.994140625000000000e-01
6.367187500000000000e-01
8.671875000000000000e-01
7.001953125000000000e-01
8.242187500000000000e-01
7.519531250000000000e-01
7.705078125000000000e-01
7.851562500000000000e-01
7.021484375000000000e-01
8.037109375000000000e-01
6.279296875000000000e-01
8.173828125000000000e-01
5.498046875000000000e-01
8.271484375000000000e-01
4.697265625000000000e-01
