2.324218750000000000e-01
4.609375000000000000e-01
2.373046875000000000e-01
5.332031250000000000e-01
2.480468750000000000e-01
6.035156250000000000e-01
2.626953125000000000e-01
6.757812500000000000e-01
2.861328125000000000e-01
7.451171875000000000e-01
3.271484375000000000e-01
8.095703125000000000e-01
3.759765625000000000e-01
8.681640625000000000e-01
4.335937500000000000e-01
9.140625000000000000e-01
5.029296875000000000e-01
9.287109375000000000e-01
5.761718750000000000e-01
9.169921875000000000e-01
6.455078125000000000e-01
8.750000000000000000e-01
7.031250000000000000e-01
8.203125000000000000e-01
7.470703125000000000e-01
7.568359375000000000e-01
7.714843750000000000e-01
6.845703125000000000e-01
7.880859375000000000e-01
6.103515625000000000e-01
7.978515625000000000e-01
5.361328125000000000e-01
8.027343750000000000e-01
4.599609375000000000e-01
