1.865234375000000000e-01
4.667968750000000000e-01
1.943359375000000000e-01
5.439453125000000000e-01
2.031250000000000000e-01
6.201171875000000000e-01
2.187500000000000000e-01
6.962890625000000000e-01
2.460937500000000000e-01
7.656250000000000000e-01
2.958984375000000000e-01
8.232421875000000000e-01
3.554687500000000000e-01
8.701171875000000000e-01
4.267578125000000000e-01
9.052734375000000000e-01
5.009765625000000000e-01
9.140625000000000000e-01
5.722656250000000000e-01
8.994140625000000000e-01
6.347656250000000000e-01
8.564453125000000000e-01
6.884765625000000000e-01
8.066406250000000000e-01
7.294921875000000000e-01
7.490234375000000000e-01
7.500000000000000000e-01
6.796875000000000000e-01
7.607421875000000000e-01
6.064453125000000000e-01
7.666015625000000000e-01
5.322265625000000000e-01
7.705078125000000000e-01
4.628906250000000000e-01
