2.324218750000000000e-01
4.912109375000000000e-01
2.343750000000000000e-01
5.585937500000000000e-01
2.402343750000000000e-01
6.279296875000000000e-01
2.539062500000000000e-01
6.953125000000000000e-01
2.792968750000000000e-01
7.597656250000000000e-01
3.154296875000000000e-01
8.212890625000000000e-01
3.623046875000000000e-01
8.740234375000000000e-01
4.248046875000000000e-01
9.130859375000000000e-01
4.960937500000000000e-01
9.248046875000000000e-01
5.712890625000000000e-01
9.130859375000000000e-01
6.328125000000000000e-01
8.769531250000000000e-01
6.787109375000000000e-01
8.242187500000000000e-01
7.128906250000000000e-01
7.636718750000000000e-01
7.353515625000000000e-01
6.962890625000000000e-01
7.480468750000000000e-01
6.279296875000000000e-01
7.578125000000000000e-01
5.615234375000000000e-01
7.597656250000000000e-01
4.931640625000000000e-01
