2.060546875000000000e-01
4.912109375000000000e-01
2.119140625000000000e-01
5.703125000000000000e-01
2.255859375000000000e-01
6.474609375000000000e-01
2.441406250000000000e-01
7.246093750000000000e-01
2.724609375000000000e-01
7.949218750000000000e-01
3.193359375000000000e-01
8.593750000000000000e-01
3.759765625000000000e-01
9.130859375000000000e-01
4.423828125000000000e-01
9.570312500000000000e-01
5.166015625000000000e-01
9.677734375000000000e-01
5.849609375000000000e-01
9.492187500000000000e-01
6.435546875000000000e-01
8.955078125000000000e-01
6.894531250000000000e-01
8.378906250000000000e-01
7.285156250000000000e-01
7.714843750000000000e-01
7.519531250000000000e-01
7.001953125000000000e-01
7.597656250000000000e-01
6.250000000000000000e-01
7.626953125000000000e-01
5.517578125000000000e-01
7.587890625000000000e-01
4.814453125000000000e-01
