2.021484375000000000e-01
4.951171875000000000e-01
2.089843750000000000e-01
5.683593750000000000e-01
2.177734375000000000e-01
6.425781250000000000e-01
2.275390625000000000e-01
7.177734375000000000e-01
2.519531250000000000e-01
7.851562500000000000e-01
3.007812500000000000e-01
8.417968750000000000e-01
3.583984375000000000e-01
8.916015625000000000e-01
4.248046875000000000e-01
9.326171875000000000e-01
5.000000000000000000e-01
9.462890625000000000e-01
5.751953125000000000e-01
9.316406250000000000e-01
6.425781250000000000e-01
8.867187500000000000e-01
7.011718750000000000e-01
8.339843750000000000e-01
7.480468750000000000e-01
7.773437500000000000e-01
7.724609375000000000e-01
7.080078125000000000e-01
7.822265625000000000e-01
6.328125000000000000e-01
7.880859375000000000e-01
5.615234375000000000e-01
7.910156250000000000e-01
4.873046875000000000e-01
