1.718750000000000000e-01
4.921875000000000000e-01
1.757812500000000000e-01
5.664062500000000000e-01
1.816406250000000000e-01
6.396484375000000000e-01
1.962890625000000000e-01
7.138671875000000000e-01
2.275390625000000000e-01
7.851562500000000000e-01
2.792968750000000000e-01
8.437500000000000000e-01
3.466796875000000000e-01
8.916015625000000000e-01
4.248046875000000000e-01
9.218750000000000000e-01
5.087890625000000000e-01
9.287109375000000000e-01
5.839843750000000000e-01
9.169921875000000000e-01
6.416015625000000000e-01
8.769531250000000000e-01
6.875000000000000000e-01
8.242187500000000000e-01
7.197265625000000000e-01
7.626953125000000000e-01
7.343750000000000000e-01
6.933593750000000000e-01
7.412109375000000000e-01
6.269531250000000000e-01
7.431640625000000000e-01
5.634765625000000000e-01
7.392578125000000000e-01
5.009765625000000000e-01
