1.562500000000000000e-01
4.804687500000000000e-01
1.650390625000000000e-01
5.644531250000000000e-01
1.787109375000000000e-01
6.455078125000000000e-01
1.992187500000000000e-01
7.207031250000000000e-01
2.373046875000000000e-01
7.861328125000000000e-01
2.958984375000000000e-01
8.359375000000000000e-01
3.642578125000000000e-01
8.750000000000000000e-01
4.365234375000000000e-01
9.023437500000000000e-01
5.048828125000000000e-01
9.091796875000000000e-01
5.654296875000000000e-01
8.916015625000000000e-01
6.181640625000000000e-01
8.505859375000000000e-01
6.650390625000000000e-01
8.066406250000000000e-01
7.060546875000000000e-01
7.548828125000000000e-01
7.294921875000000000e-01
6.933593750000000000e-01
7.402343750000000000e-01
6.259765625000000000e-01
7.470703125000000000e-01
5.605468750000000000e-01
7.490234375000000000e-01
4.912109375000000000e-01
