1.679687500000000000e-01
4.873046875000000000e-01
1.708984375000000000e-01
5.673828125000000000e-01
1.787109375000000000e-01
6.474609375000000000e-01
1.943359375000000000e-01
7.255859375000000000e-01
2.246093750000000000e-01
7.988281250000000000e-01
2.802734375000000000e-01
8.583984375000000000e-01
3.486328125000000000e-01
9.072265625000000000e-01
4.238281250000000000e-01
9.453125000000000000e-01
5.068359375000000000e-01
9.550781250000000000e-01
5.830078125000000000e-01
9.394531250000000000e-01
6.455078125000000000e-01
8.935546875000000000e-01
6.992187500000000000e-01
8.398437500000000000e-01
7.373046875000000000e-01
7.763671875000000000e-01
7.558593750000000000e-01
7.041015625000000000e-01
7.646484375000000000e-01
6.308593750000000000e-01
7.705078125000000000e-01
5.615234375000000000e-01
7.685546875000000000e-01
4.912109375000000000e-01
