2.333984375000000000e-01
4.882812500000000000e-01
2.304687500000000000e-01
5.654296875000000000e-01
2.353515625000000000e-01
6.435546875000000000e-01
2.480468750000000000e-01
7.216796875000000000e-01
2.753906250000000000e-01
7.929687500000000000e-01
3.173828125000000000e-01
8.554687500000000000e-01
3.691406250000000000e-01
9.101562500000000000e-01
4.316406250000000000e-01
9.521484375000000000e-01
5.009765625000000000e-01
9.677734375000000000e-01
5.712890625000000000e-01
9.550781250000000000e-01
6.357421875000000000e-01
9.150390625000000000e-01
6.923828125000000000e-01
8.623046875000000000e-01
7.392578125000000000e-01
7.998046875000000000e-01
7.666015625000000000e-01
7.285156250000000000e-01
7.802734375000000000e-01
6.513671875000000000e-01
7.900390625000000000e-01
5.742187500000000000e-01
7.919921875000000000e-01
4.960937500000000000e-01
