2.304687500000000000e-01
4.648437500000000000e-01
2.343750000000000000e-01
5.351562500000000000e-01
2.421875000000000000e-01
6.044921875000000000e-01
2.509765625000000000e-01
6.757812500000000000e-01
2.705078125000000000e-01
7.470703125000000000e-01
3.125000000000000000e-01
8.066406250000000000e-01
3.652343750000000000e-01
8.574218750000000000e-01
4.257812500000000000e-01
8.984375000000000000e-01
4.951171875000000000e-01
9.091796875000000000e-01
5.673828125000000000e-01
8.974609375000000000e-01
6.298828125000000000e-01
8.583984375000000000e-01
6.884765625000000000e-01
8.095703125000000000e-01
7.363281250000000000e-01
7.529296875000000000e-01
7.666015625000000000e-01
6.865234375000000000e-01
7.841796875000000000e-01
6.142578125000000000e-01
7.929687500000000000e-01
5.419921875000000000e-01
7.968750000000000000e-01
4.697265625000000000e-01
