2.509765625000000000e-01
4.707031250000000000e-01
2.509765625000000000e-01
5.458984375000000000e-01
2.587890625000000000e-01
6.191406250000000000e-01
2.744140625000000000e-01
6.894531250000000000e-01
3.066406250000000000e-01
7.500000000000000000e-01
3.466796875000000000e-01
8.027343750000000000e-01
3.896484375000000000e-01
8.564453125000000000e-01
4.384765625000000000e-01
9.033203125000000000e-01
4.980468750000000000e-01
9.228515625000000000e-01
5.595703125000000000e-01
9.169921875000000000e-01
6.171875000000000000e-01
8.779296875000000000e-01
6.699218750000000000e-01
8.242187500000000000e-01
7.148437500000000000e-01
7.626953125000000000e-01
7.441406250000000000e-01
6.894531250000000000e-01
7.617187500000000000e-01
6.113281250000000000e-01
7.783203125000000000e-01
5.292968750000000000e-01
7.851562500000000000e-01
4.453125000000000000e-01
