2.382812500000000000e-01
4.746093750000000000e-01
2.402343750000000000e-01
5.439453125000000000e-01
2.480468750000000000e-01
6.152343750000000000e-01
2.617187500000000000e-01
6.845703125000000000e-01
2.861328125000000000e-01
7.509765625000000000e-01
3.261718750000000000e-01
8.095703125000000000e-01
3.750000000000000000e-01
8.593750000000000000e-01
4.326171875000000000e-01
9.003906250000000000e-01
4.990234375000000000e-01
9.150390625000000000e-01
5.683593750000000000e-01
9.052734375000000000e-01
6.308593750000000000e-01
8.652343750000000000e-01
6.875000000000000000e-01
8.164062500000000000e-01
7.333984375000000000e-01
7.597656250000000000e-01
7.626953125000000000e-01
6.933593750000000000e-01
7.773437500000000000e-01
6.210937500000000000e-01
7.832031250000000000e-01
5.468750000000000000e-01
7.841796875000000000e-01
4.746093750000000000e-01
