2.226562500000000000e-01
5.058593750000000000e-01
2.294921875000000000e-01
5.732421875000000000e-01
2.421875000000000000e-01
6.396484375000000000e-01
2.587890625000000000e-01
7.031250000000000000e-01
2.900390625000000000e-01
7.636718750000000000e-01
3.339843750000000000e-01
8.164062500000000000e-01
3.847656250000000000e-01
8.613281250000000000e-01
4.462890625000000000e-01
8.974609375000000000e-01
5.136718750000000000e-01
9.042968750000000000e-01
5.771484375000000000e-01
8.837890625000000000e-01
6.318359375000000000e-01
8.447265625000000000e-01
6.787109375000000000e-01
7.988281250000000000e-01
7.187500000000000000e-01
7.431640625000000000e-01
7.451171875000000000e-01
6.826171875000000000e-01
7.558593750000000000e-01
6.132812500000000000e-01
7.617187500000000000e-01
5.468750000000000000e-01
7.626953125000000000e-01
4.775390625000000000e-01
