1.787109375000000000e-01
5.136718750000000000e-01
1.826171875000000000e-01
5.927734375000000000e-01
1.943359375000000000e-01
6.699218750000000000e-01
2.089843750000000000e-01
7.470703125000000000e-01
2.441406250000000000e-01
8.154296875000000000e-01
2.958984375000000000e-01
8.710937500000000000e-01
3.603515625000000000e-01
9.160156250000000000e-01
4.335937500000000000e-01
9.472656250000000000e-01
5.097656250000000000e-01
9.531250000000000000e-01
5.781250000000000000e-01
9.384765625000000000e-01
6.308593750000000000e-01
8.847656250000000000e-01
6.718750000000000000e-01
8.222656250000000000e-01
7.021484375000000000e-01
7.587890625000000000e-01
7.197265625000000000e-01
6.875000000000000000e-01
7.333984375000000000e-01
6.191406250000000000e-01
7.402343750000000000e-01
5.537109375000000000e-01
7.353515625000000000e-01
4.843750000000000000e-01
