2.548828125000000000e-01
4.833984375000000000e-01
2.568359375000000000e-01
5.498046875000000000e-01
2.646484375000000000e-01
6.162109375000000000e-01
2.744140625000000000e-01
6.826171875000000000e-01
2.949218750000000000e-01
7.460937500000000000e-01
3.310546875000000000e-01
8.037109375000000000e-01
3.798828125000000000e-01
8.525390625000000000e-01
4.326171875000000000e-01
8.984375000000000000e-01
4.960937500000000000e-01
9.140625000000000000e-01
5.615234375000000000e-01
9.042968750000000000e-01
6.230468750000000000e-01
8.662109375000000000e-01
6.787109375000000000e-01
8.193359375000000000e-01
7.236328125000000000e-01
7.626953125000000000e-01
7.529296875000000000e-01
6.992187500000000000e-01
7.695312500000000000e-01
6.298828125000000000e-01
7.832031250000000000e-01
5.605468750000000000e-01
7.929687500000000000e-01
4.873046875000000000e-01
