2.734375000000000000e-01
5.039062500000000000e-01
2.714843750000000000e-01
5.683593750000000000e-01
2.753906250000000000e-01
6.318359375000000000e-01
2.841796875000000000e-01
7.001953125000000000e-01
3.027343750000000000e-01
7.666015625000000000e-01
3.320312500000000000e-01
8.251953125000000000e-01
3.769531250000000000e-01
8.740234375000000000e-01
4.277343750000000000e-01
9.150390625000000000e-01
4.941406250000000000e-01
9.296875000000000000e-01
5.703125000000000000e-01
9.208984375000000000e-01
6.523437500000000000e-01
8.964843750000000000e-01
7.285156250000000000e-01
8.564453125000000000e-01
7.832031250000000000e-01
8.027343750000000000e-01
8.164062500000000000e-01
7.333984375000000000e-01
8.320312500000000000e-01
6.533203125000000000e-01
8.388671875000000000e-01
5.722656250000000000e-01
8.427734375000000000e-01
4.912109375000000000e-01
