2.568359375000000000e-01
5.029296875000000000e-01
2.617187500000000000e-01
5.683593750000000000e-01
2.714843750000000000e-01
6.308593750000000000e-01
2.832031250000000000e-01
6.923828125000000000e-01
3.056640625000000000e-01
7.509765625000000000e-01
3.427734375000000000e-01
7.958984375000000000e-01
3.935546875000000000e-01
8.320312500000000000e-01
4.433593750000000000e-01
8.623046875000000000e-01
5.019531250000000000e-01
8.740234375000000000e-01
5.644531250000000000e-01
8.652343750000000000e-01
6.269531250000000000e-01
8.378906250000000000e-01
6.923828125000000000e-01
8.056640625000000000e-01
7.480468750000000000e-01
7.626953125000000000e-01
7.871093750000000000e-01
7.041015625000000000e-01
8.125000000000000000e-01
6.347656250000000000e-01
8.310546875000000000e-01
5.625000000000000000e-01
8.447265625000000000e-01
4.863281250000000000e-01
