2.548828125000000000e-01
4.658203125000000000e-01
2.617187500000000000e-01
5.400390625000000000e-01
2.714843750000000000e-01
6.103515625000000000e-01
2.871093750000000000e-01
6.777343750000000000e-01
3.173828125000000000e-01
7.353515625000000000e-01
3.613281250000000000e-01
7.802734375000000000e-01
4.072265625000000000e-01
8.144531250000000000e-01
4.511718750000000000e-01
8.496093750000000000e-01
5.058593750000000000e-01
8.642578125000000000e-01
5.683593750000000000e-01
8.554687500000000000e-01
6.308593750000000000e-01
8.261718750000000000e-01
6.923828125000000000e-01
7.900390625000000000e-01
7.480468750000000000e-01
7.353515625000000000e-01
7.871093750000000000e-01
6.718750000000000000e-01
8.085937500000000000e-01
5.996093750000000000e-01
8.193359375000000000e-01
5.205078125000000000e-01
8.271484375000000000e-01
4.423828125000000000e-01
