2.275390625000000000e-01
4.941406250000000000e-01
2.255859375000000000e-01
5.664062500000000000e-01
2.314453125000000000e-01
6.367187500000000000e-01
2.402343750000000000e-01
7.080078125000000000e-01
2.656250000000000000e-01
7.763671875000000000e-01
3.125000000000000000e-01
8.339843750000000000e-01
3.691406250000000000e-01
8.808593750000000000e-01
4.335937500000000000e-01
9.208984375000000000e-01
5.039062500000000000e-01
9.335937500000000000e-01
5.722656250000000000e-01
9.160156250000000000e-01
6.367187500000000000e-01
8.740234375000000000e-01
6.923828125000000000e-01
8.242187500000000000e-01
7.363281250000000000e-01
7.666015625000000000e-01
7.607421875000000000e-01
6.992187500000000000e-01
7.675781250000000000e-01
6.289062500000000000e-01
7.685546875000000000e-01
5.605468750000000000e-01
7.626953125000000000e-01
4.921875000000000000e-01
