2.392578125000000000e-01
4.931640625000000000e-01
2.431640625000000000e-01
5.615234375000000000e-01
2.558593750000000000e-01
6.308593750000000000e-01
2.724609375000000000e-01
6.972656250000000000e-01
2.939453125000000000e-01
7.607421875000000000e-01
3.291015625000000000e-01
8.183593750000000000e-01
3.750000000000000000e-01
8.691406250000000000e-01
4.316406250000000000e-01
9.101562500000000000e-01
4.970703125000000000e-01
9.248046875000000000e-01
5.654296875000000000e-01
9.140625000000000000e-01
6.318359375000000000e-01
8.789062500000000000e-01
6.914062500000000000e-01
8.339843750000000000e-01
7.363281250000000000e-01
7.783203125000000000e-01
7.626953125000000000e-01
7.119140625000000000e-01
7.773437500000000000e-01
6.406250000000000000e-01
7.900390625000000000e-01
5.693359375000000000e-01
7.949218750000000000e-01
4.951171875000000000e-01
