2.373046875000000000e-01
4.863281250000000000e-01
2.431640625000000000e-01
5.507812500000000000e-01
2.529296875000000000e-01
6.162109375000000000e-01
2.597656250000000000e-01
6.855468750000000000e-01
2.773437500000000000e-01
7.509765625000000000e-01
3.125000000000000000e-01
8.105468750000000000e-01
3.623046875000000000e-01
8.603515625000000000e-01
4.208984375000000000e-01
9.091796875000000000e-01
4.921875000000000000e-01
9.296875000000000000e-01
5.654296875000000000e-01
9.189453125000000000e-01
6.357421875000000000e-01
8.789062500000000000e-01
6.933593750000000000e-01
8.310546875000000000e-01
7.402343750000000000e-01
7.705078125000000000e-01
7.666015625000000000e-01
7.021484375000000000e-01
7.841796875000000000e-01
6.318359375000000000e-01
7.968750000000000000e-01
5.576171875000000000e-01
7.998046875000000000e-01
4.843750000000000000e-01
