1.826171875000000000e-01
5.322265625000000000e-01
1.855468750000000000e-01
6.064453125000000000e-01
1.914062500000000000e-01
6.816406250000000000e-01
2.060546875000000000e-01
7.558593750000000000e-01
2.382812500000000000e-01
8.222656250000000000e-01
2.929687500000000000e-01
8.769531250000000000e-01
3.593750000000000000e-01
9.208984375000000000e-01
4.306640625000000000e-01
9.531250000000000000e-01
5.107421875000000000e-01
9.628906250000000000e-01
5.830078125000000000e-01
9.462890625000000000e-01
6.376953125000000000e-01
8.994140625000000000e-01
6.796875000000000000e-01
8.417968750000000000e-01
7.138671875000000000e-01
7.822265625000000000e-01
7.304687500000000000e-01
7.148437500000000000e-01
7.382812500000000000e-01
6.445312500000000000e-01
7.363281250000000000e-01
5.791015625000000000e-01
7.294921875000000000e-01
5.175781250000000000e-01
