2.529296875000000000e-01
4.873046875000000000e-01
2.558593750000000000e-01
5.566406250000000000e-01
2.695312500000000000e-01
6.240234375000000000e-01
2.871093750000000000e-01
6.904296875000000000e-01
3.105468750000000000e-01
7.500000000000000000e-01
3.457031250000000000e-01
8.037109375000000000e-01
3.876953125000000000e-01
8.496093750000000000e-01
4.384765625000000000e-01
8.857421875000000000e-01
4.990234375000000000e-01
8.955078125000000000e-01
5.595703125000000000e-01
8.798828125000000000e-01
6.132812500000000000e-01
8.398437500000000000e-01
6.582031250000000000e-01
7.880859375000000000e-01
6.914062500000000000e-01
7.304687500000000000e-01
7.109375000000000000e-01
6.669921875000000000e-01
7.265625000000000000e-01
5.996093750000000000e-01
7.402343750000000000e-01
5.312500000000000000e-01
7.421875000000000000e-01
4.628906250000000000e-01
