1.982421875000000000e-01
4.697265625000000000e-01
2.050781250000000000e-01
5.507812500000000000e-01
2.197265625000000000e-01
6.318359375000000000e-01
2.392578125000000000e-01
7.080078125000000000e-01
2.773437500000000000e-01
7.734375000000000000e-01
3.310546875000000000e-01
8.300781250000000000e-01
3.886718750000000000e-01
8.759765625000000000e-01
4.492187500000000000e-01
9.111328125000000000e-01
5.097656250000000000e-01
9.160156250000000000e-01
5.673828125000000000e-01
8.945312500000000000e-01
6.132812500000000000e-01
8.486328125000000000e-01
6.572265625000000000e-01
8.007812500000000000e-01
6.953125000000000000e-01
7.500000000000000000e-01
7.207031250000000000e-01
6.904296875000000000e-01
7.304687500000000000e-01
6.230468750000000000e-01
7.343750000000000000e-01
5.566406250000000000e-01
7.314453125000000000e-01
4.882812500000000000e-01
