1.601562500000000000e-01
4.492187500000000000e-01
1.699218750000000000e-01
5.253906250000000000e-01
1.816406250000000000e-01
5.996093750000000000e-01
1.962890625000000000e-01
6.718750000000000000e-01
2.275390625000000000e-01
7.363281250000000000e-01
2.812500000000000000e-01
7.832031250000000000e-01
3.486328125000000000e-01
8.144531250000000000e-01
4.169921875000000000e-01
8.398437500000000000e-01
4.843750000000000000e-01
8.476562500000000000e-01
5.468750000000000000e-01
8.339843750000000000e-01
6.074218750000000000e-01
8.046875000000000000e-01
6.699218750000000000e-01
7.763671875000000000e-01
7.167968750000000000e-01
7.324218750000000000e-01
7.421875000000000000e-01
6.708984375000000000e-01
7.500000000000000000e-01
6.044921875000000000e-01
7.558593750000000000e-01
5.380859375000000000e-01
7.617187500000000000e-01
4.697265625000000000e-01
