2.480468750000000000e-01
4.765625000000000000e-01
2.509765625000000000e-01
5.488281250000000000e-01
2.626953125000000000e-01
6.230468750000000000e-01
2.763671875000000000e-01
6.943359375000000000e-01
2.968750000000000000e-01
7.646484375000000000e-01
3.320312500000000000e-01
8.271484375000000000e-01
3.769531250000000000e-01
8.857421875000000000e-01
4.345703125000000000e-01
9.287109375000000000e-01
5.078125000000000000e-01
9.404296875000000000e-01
5.878906250000000000e-01
9.326171875000000000e-01
6.650390625000000000e-01
8.935546875000000000e-01
7.304687500000000000e-01
8.417968750000000000e-01
7.812500000000000000e-01
7.812500000000000000e-01
8.105468750000000000e-01
7.089843750000000000e-01
8.232421875000000000e-01
6.328125000000000000e-01
8.330078125000000000e-01
5.556640625000000000e-01
8.359375000000000000e-01
4.775390625000000000e-01
