2.177734375000000000e-01
4.414062500000000000e-01
2.275390625000000000e-01
5.195312500000000000e-01
2.412109375000000000e-01
5.947265625000000000e-01
2.548828125000000000e-01
6.679687500000000000e-01
2.841796875000000000e-01
7.314453125000000000e-01
3.320312500000000000e-01
7.841796875000000000e-01
3.828125000000000000e-01
8.300781250000000000e-01
4.365234375000000000e-01
8.701171875000000000e-01
4.951171875000000000e-01
8.828125000000000000e-01
5.556640625000000000e-01
8.710937500000000000e-01
6.113281250000000000e-01
8.291015625000000000e-01
6.640625000000000000e-01
7.822265625000000000e-01
7.138671875000000000e-01
7.314453125000000000e-01
7.470703125000000000e-01
6.679687500000000000e-01
7.636718750000000000e-01
5.947265625000000000e-01
7.763671875000000000e-01
5.205078125000000000e-01
7.822265625000000000e-01
4.443359375000000000e-01
