1.962890625000000000e-01
4.951171875000000000e-01
1.982421875000000000e-01
5.693359375000000000e-01
2.070312500000000000e-01
6.435546875000000000e-01
2.207031250000000000e-01
7.177734375000000000e-01
2.480468750000000000e-01
7.871093750000000000e-01
2.968750000000000000e-01
8.466796875000000000e-01
3.613281250000000000e-01
8.916015625000000000e-01
4.345703125000000000e-01
9.189453125000000000e-01
5.117187500000000000e-01
9.248046875000000000e-01
5.820312500000000000e-01
9.052734375000000000e-01
6.406250000000000000e-01
8.671875000000000000e-01
6.914062500000000000e-01
8.193359375000000000e-01
7.236328125000000000e-01
7.607421875000000000e-01
7.373046875000000000e-01
6.943359375000000000e-01
7.451171875000000000e-01
6.279296875000000000e-01
7.470703125000000000e-01
5.625000000000000000e-01
7.382812500000000000e-01
4.980468750000000000e-01
