2.734375000000000000e-01
4.873046875000000000e-01
2.685546875000000000e-01
5.478515625000000000e-01
2.724609375000000000e-01
6.083984375000000000e-01
2.851562500000000000e-01
6.689453125000000000e-01
3.027343750000000000e-01
7.285156250000000000e-01
3.339843750000000000e-01
7.841796875000000000e-01
3.759765625000000000e-01
8.369140625000000000e-01
4.277343750000000000e-01
8.837890625000000000e-01
4.951171875000000000e-01
8.984375000000000000e-01
5.703125000000000000e-01
8.886718750000000000e-01
6.425781250000000000e-01
8.564453125000000000e-01
7.089843750000000000e-01
8.144531250000000000e-01
7.626953125000000000e-01
7.626953125000000000e-01
7.968750000000000000e-01
6.992187500000000000e-01
8.134765625000000000e-01
6.318359375000000000e-01
8.222656250000000000e-01
5.625000000000000000e-01
8.281250000000000000e-01
4.892578125000000000e-01
