1.816406250000000000e-01
4.912109375000000000e-01
1.904296875000000000e-01
5.712890625000000000e-01
2.011718750000000000e-01
6.552734375000000000e-01
2.148437500000000000e-01
7.343750000000000000e-01
2.441406250000000000e-01
8.076171875000000000e-01
2.919921875000000000e-01
8.681640625000000000e-01
3.525390625000000000e-01
9.208984375000000000e-01
4.208984375000000000e-01
9.599609375000000000e-01
4.912109375000000000e-01
9.755859375000000000e-01
5.625000000000000000e-01
9.599609375000000000e-01
6.250000000000000000e-01
9.160156250000000000e-01
6.787109375000000000e-01
8.613281250000000000e-01
7.246093750000000000e-01
8.007812500000000000e-01
7.519531250000000000e-01
7.324218750000000000e-01
7.666015625000000000e-01
6.582031250000000000e-01
7.744140625000000000e-01
5.830078125000000000e-01
7.792968750000000000e-01
5.048828125000000000e-01
