2.509765625000000000e-01
4.785156250000000000e-01
2.548828125000000000e-01
5.449218750000000000e-01
2.636718750000000000e-01
6.103515625000000000e-01
2.753906250000000000e-01
6.728515625000000000e-01
2.968750000000000000e-01
7.343750000000000000e-01
3.300781250000000000e-01
7.910156250000000000e-01
3.710937500000000000e-01
8.398437500000000000e-01
4.218750000000000000e-01
8.808593750000000000e-01
4.843750000000000000e-01
8.964843750000000000e-01
5.478515625000000000e-01
8.896484375000000000e-01
6.083984375000000000e-01
8.554687500000000000e-01
6.650390625000000000e-01
8.134765625000000000e-01
7.128906250000000000e-01
7.597656250000000000e-01
7.460937500000000000e-01
6.972656250000000000e-01
7.607421875000000000e-01
6.289062500000000000e-01
7.714843750000000000e-01
5.576171875000000000e-01
7.783203125000000000e-01
4.863281250000000000e-01
