2.792968750000000000e-01
5.019531250000000000e-01
2.753906250000000000e-01
5.634765625000000000e-01
2.812500000000000000e-01
6.259765625000000000e-01
2.900390625000000000e-01
6.865234375000000000e-01
3.066406250000000000e-01
7.490234375000000000e-01
3.378906250000000000e-01
8.027343750000000000e-01
3.837890625000000000e-01
8.486328125000000000e-01
4.365234375000000000e-01
8.896484375000000000e-01
5.000000000000000000e-01
9.033203125000000000e-01
5.712890625000000000e-01
8.974609375000000000e-01
6.386718750000000000e-01
8.632812500000000000e-01
6.962890625000000000e-01
8.203125000000000000e-01
7.431640625000000000e-01
7.636718750000000000e-01
7.734375000000000000e-01
6.992187500000000000e-01
7.919921875000000000e-01
6.328125000000000000e-01
8.027343750000000000e-01
5.615234375000000000e-01
8.056640625000000000e-01
4.912109375000000000e-01
