2.666015625000000000e-01
4.501953125000000000e-01
2.656250000000000000e-01
5.185546875000000000e-01
2.744140625000000000e-01
5.898437500000000000e-01
2.861328125000000000e-01
6.591796875000000000e-01
3.095703125000000000e-01
7.226562500000000000e-01
3.496093750000000000e-01
7.832031250000000000e-01
4.003906250000000000e-01
8.349609375000000000e-01
4.482421875000000000e-01
8.828125000000000000e-01
5.058593750000000000e-01
9.013671875000000000e-01
5.693359375000000000e-01
8.896484375000000000e-01
6.367187500000000000e-01
8.505859375000000000e-01
7.001953125000000000e-01
8.027343750000000000e-01
7.539062500000000000e-01
7.470703125000000000e-01
7.880859375000000000e-01
6.806640625000000000e-01
8.066406250000000000e-01
6.093750000000000000e-01
8.222656250000000000e-01
5.351562500000000000e-01
8.300781250000000000e-01
4.570312500000000000e-01
