1.972656250000000000e-01
4.521484375000000000e-01
2.099609375000000000e-01
5.234375000000000000e-01
2.236328125000000000e-01
5.927734375000000000e-01
2.363281250000000000e-01
6.601562500000000000e-01
2.626953125000000000e-01
7.226562500000000000e-01
3.085937500000000000e-01
7.695312500000000000e-01
3.701171875000000000e-01
8.037109375000000000e-01
4.326171875000000000e-01
8.300781250000000000e-01
4.951171875000000000e-01
8.398437500000000000e-01
5.605468750000000000e-01
8.320312500000000000e-01
6.289062500000000000e-01
8.046875000000000000e-01
6.943359375000000000e-01
7.695312500000000000e-01
7.451171875000000000e-01
7.226562500000000000e-01
7.724609375000000000e-01
6.591796875000000000e-01
7.861328125000000000e-01
5.917968750000000000e-01
7.968750000000000000e-01
5.244140625000000000e-01
8.056640625000000000e-01
4.541015625000000000e-01
