2.246093750000000000e-01
4.189453125000000000e-01
2.363281250000000000e-01
4.970703125000000000e-01
2.500000000000000000e-01
5.703125000000000000e-01
2.675781250000000000e-01
6.337890625000000000e-01
2.968750000000000000e-01
6.884765625000000000e-01
3.427734375000000000e-01
7.343750000000000000e-01
3.925781250000000000e-01
7.724609375000000000e-01
4.404296875000000000e-01
8.046875000000000000e-01
4.921875000000000000e-01
8.164062500000000000e-01
5.419921875000000000e-01
8.027343750000000000e-01
5.849609375000000000e-01
7.675781250000000000e-01
6.308593750000000000e-01
7.265625000000000000e-01
6.748046875000000000e-01
6.796875000000000000e-01
7.060546875000000000e-01
6.240234375000000000e-01
7.246093750000000000e-01
5.576171875000000000e-01
7.421875000000000000e-01
4.902343750000000000e-01
7.529296875000000000e-01
4.140625000000000000e-01
