2.568359375000000000e-01
4.550781250000000000e-01
2.597656250000000000e-01
5.244140625000000000e-01
2.695312500000000000e-01
5.908203125000000000e-01
2.812500000000000000e-01
6.552734375000000000e-01
3.085937500000000000e-01
7.128906250000000000e-01
3.525390625000000000e-01
7.597656250000000000e-01
4.003906250000000000e-01
8.046875000000000000e-01
4.492187500000000000e-01
8.457031250000000000e-01
5.058593750000000000e-01
8.574218750000000000e-01
5.634765625000000000e-01
8.496093750000000000e-01
6.181640625000000000e-01
8.144531250000000000e-01
6.669921875000000000e-01
7.695312500000000000e-01
7.089843750000000000e-01
7.177734375000000000e-01
7.392578125000000000e-01
6.582031250000000000e-01
7.568359375000000000e-01
5.927734375000000000e-01
7.724609375000000000e-01
5.234375000000000000e-01
7.783203125000000000e-01
4.482421875000000000e-01
