2.226562500000000000e-01
4.531250000000000000e-01
2.294921875000000000e-01
5.273437500000000000e-01
2.412109375000000000e-01
5.976562500000000000e-01
2.529296875000000000e-01
6.650390625000000000e-01
2.773437500000000000e-01
7.265625000000000000e-01
3.222656250000000000e-01
7.763671875000000000e-01
3.759765625000000000e-01
8.164062500000000000e-01
4.316406250000000000e-01
8.476562500000000000e-01
4.912109375000000000e-01
8.593750000000000000e-01
5.478515625000000000e-01
8.505859375000000000e-01
6.015625000000000000e-01
8.173828125000000000e-01
6.523437500000000000e-01
7.744140625000000000e-01
6.943359375000000000e-01
7.236328125000000000e-01
7.187500000000000000e-01
6.621093750000000000e-01
7.304687500000000000e-01
5.937500000000000000e-01
7.421875000000000000e-01
5.253906250000000000e-01
7.490234375000000000e-01
4.531250000000000000e-01
