2.236328125000000000e-01
4.863281250000000000e-01
2.246093750000000000e-01
5.576171875000000000e-01
2.324218750000000000e-01
6.279296875000000000e-01
2.412109375000000000e-01
6.972656250000000000e-01
2.626953125000000000e-01
7.626953125000000000e-01
3.027343750000000000e-01
8.173828125000000000e-01
3.583984375000000000e-01
8.613281250000000000e-01
4.238281250000000000e-01
8.994140625000000000e-01
4.951171875000000000e-01
9.140625000000000000e-01
5.673828125000000000e-01
9.003906250000000000e-01
6.347656250000000000e-01
8.603515625000000000e-01
6.923828125000000000e-01
8.144531250000000000e-01
7.363281250000000000e-01
7.597656250000000000e-01
7.626953125000000000e-01
6.943359375000000000e-01
7.753906250000000000e-01
6.250000000000000000e-01
7.861328125000000000e-01
5.556640625000000000e-01
7.900390625000000000e-01
4.843750000000000000e-01
