2.441406250000000000e-01
4.804687500000000000e-01
2.460937500000000000e-01
5.449218750000000000e-01
2.500000000000000000e-01
6.074218750000000000e-01
2.558593750000000000e-01
6.718750000000000000e-01
2.783203125000000000e-01
7.304687500000000000e-01
3.203125000000000000e-01
7.792968750000000000e-01
3.730468750000000000e-01
8.193359375000000000e-01
4.296875000000000000e-01
8.574218750000000000e-01
4.931640625000000000e-01
8.691406250000000000e-01
5.595703125000000000e-01
8.593750000000000000e-01
6.220703125000000000e-01
8.291015625000000000e-01
6.806640625000000000e-01
7.900390625000000000e-01
7.255859375000000000e-01
7.421875000000000000e-01
7.480468750000000000e-01
6.816406250000000000e-01
7.578125000000000000e-01
6.132812500000000000e-01
7.695312500000000000e-01
5.468750000000000000e-01
7.763671875000000000e-01
4.765625000000000000e-01
