2.392578125000000000e-01
4.794921875000000000e-01
2.392578125000000000e-01
5.517578125000000000e-01
2.441406250000000000e-01
6.259765625000000000e-01
2.529296875000000000e-01
6.982421875000000000e-01
2.773437500000000000e-01
7.656250000000000000e-01
3.232421875000000000e-01
8.203125000000000000e-01
3.730468750000000000e-01
8.691406250000000000e-01
4.287109375000000000e-01
9.101562500000000000e-01
4.931640625000000000e-01
9.248046875000000000e-01
5.615234375000000000e-01
9.150390625000000000e-01
6.289062500000000000e-01
8.798828125000000000e-01
6.894531250000000000e-01
8.359375000000000000e-01
7.402343750000000000e-01
7.841796875000000000e-01
7.724609375000000000e-01
7.187500000000000000e-01
7.841796875000000000e-01
6.425781250000000000e-01
7.900390625000000000e-01
5.693359375000000000e-01
7.890625000000000000e-01
4.970703125000000000e-01
