2.255859375000000000e-01
4.648437500000000000e-01
2.285156250000000000e-01
5.371093750000000000e-01
2.363281250000000000e-01
6.083984375000000000e-01
2.460937500000000000e-01
6.806640625000000000e-01
2.666015625000000000e-01
7.480468750000000000e-01
3.076171875000000000e-01
8.085937500000000000e-01
3.583984375000000000e-01
8.613281250000000000e-01
4.208984375000000000e-01
9.042968750000000000e-01
4.960937500000000000e-01
9.179687500000000000e-01
5.742187500000000000e-01
9.062500000000000000e-01
6.425781250000000000e-01
8.652343750000000000e-01
6.992187500000000000e-01
8.115234375000000000e-01
7.421875000000000000e-01
7.500000000000000000e-01
7.636718750000000000e-01
6.806640625000000000e-01
7.744140625000000000e-01
6.074218750000000000e-01
7.822265625000000000e-01
5.351562500000000000e-01
7.861328125000000000e-01
4.609375000000000000e-01
