2.148437500000000000e-01
4.902343750000000000e-01
2.109375000000000000e-01
5.615234375000000000e-01
2.158203125000000000e-01
6.347656250000000000e-01
2.275390625000000000e-01
7.080078125000000000e-01
2.539062500000000000e-01
7.783203125000000000e-01
2.998046875000000000e-01
8.408203125000000000e-01
3.613281250000000000e-01
8.906250000000000000e-01
4.287109375000000000e-01
9.365234375000000000e-01
5.009765625000000000e-01
9.550781250000000000e-01
5.732421875000000000e-01
9.384765625000000000e-01
6.376953125000000000e-01
8.916015625000000000e-01
6.953125000000000000e-01
8.388671875000000000e-01
7.412109375000000000e-01
7.763671875000000000e-01
7.666015625000000000e-01
7.060546875000000000e-01
7.753906250000000000e-01
6.337890625000000000e-01
7.773437500000000000e-01
5.644531250000000000e-01
7.714843750000000000e-01
4.951171875000000000e-01
