2.255859375000000000e-01
4.804687500000000000e-01
2.275390625000000000e-01
5.517578125000000000e-01
2.343750000000000000e-01
6.210937500000000000e-01
2.451171875000000000e-01
6.914062500000000000e-01
2.724609375000000000e-01
7.568359375000000000e-01
3.164062500000000000e-01
8.115234375000000000e-01
3.730468750000000000e-01
8.544921875000000000e-01
4.345703125000000000e-01
8.916015625000000000e-01
4.970703125000000000e-01
9.052734375000000000e-01
5.576171875000000000e-01
8.945312500000000000e-01
6.171875000000000000e-01
8.583984375000000000e-01
6.757812500000000000e-01
8.164062500000000000e-01
7.236328125000000000e-01
7.626953125000000000e-01
7.548828125000000000e-01
6.982421875000000000e-01
7.714843750000000000e-01
6.259765625000000000e-01
7.822265625000000000e-01
5.537109375000000000e-01
7.880859375000000000e-01
4.794921875000000000e-01
