1.689453125000000000e-01
4.541015625000000000e-01
1.767578125000000000e-01
5.312500000000000000e-01
1.894531250000000000e-01
6.083984375000000000e-01
2.060546875000000000e-01
6.816406250000000000e-01
2.373046875000000000e-01
7.490234375000000000e-01
2.871093750000000000e-01
8.066406250000000000e-01
3.486328125000000000e-01
8.525390625000000000e-01
4.160156250000000000e-01
8.857421875000000000e-01
4.853515625000000000e-01
8.935546875000000000e-01
5.488281250000000000e-01
8.789062500000000000e-01
6.005859375000000000e-01
8.339843750000000000e-01
6.494140625000000000e-01
7.861328125000000000e-01
6.894531250000000000e-01
7.333984375000000000e-01
7.128906250000000000e-01
6.708984375000000000e-01
7.255859375000000000e-01
6.054687500000000000e-01
7.353515625000000000e-01
5.390625000000000000e-01
7.402343750000000000e-01
4.697265625000000000e-01
