2.119140625000000000e-01
4.355468750000000000e-01
2.177734375000000000e-01
5.126953125000000000e-01
2.255859375000000000e-01
5.898437500000000000e-01
2.392578125000000000e-01
6.650390625000000000e-01
2.656250000000000000e-01
7.363281250000000000e-01
3.115234375000000000e-01
7.978515625000000000e-01
3.662109375000000000e-01
8.544921875000000000e-01
4.277343750000000000e-01
9.033203125000000000e-01
4.990234375000000000e-01
9.169921875000000000e-01
5.712890625000000000e-01
9.033203125000000000e-01
6.308593750000000000e-01
8.544921875000000000e-01
6.855468750000000000e-01
8.007812500000000000e-01
7.314453125000000000e-01
7.392578125000000000e-01
7.607421875000000000e-01
6.699218750000000000e-01
7.753906250000000000e-01
5.957031250000000000e-01
7.832031250000000000e-01
5.205078125000000000e-01
7.861328125000000000e-01
4.433593750000000000e-01
