2.666015625000000000e-01
4.980468750000000000e-01
2.646484375000000000e-01
5.585937500000000000e-01
2.675781250000000000e-01
6.230468750000000000e-01
2.773437500000000000e-01
6.894531250000000000e-01
2.949218750000000000e-01
7.548828125000000000e-01
3.271484375000000000e-01
8.144531250000000000e-01
3.662109375000000000e-01
8.691406250000000000e-01
4.150390625000000000e-01
9.160156250000000000e-01
4.833984375000000000e-01
9.326171875000000000e-01
5.605468750000000000e-01
9.257812500000000000e-01
6.367187500000000000e-01
8.945312500000000000e-01
7.060546875000000000e-01
8.525390625000000000e-01
7.597656250000000000e-01
7.998046875000000000e-01
7.900390625000000000e-01
7.304687500000000000e-01
8.095703125000000000e-01
6.562500000000000000e-01
8.212890625000000000e-01
5.791015625000000000e-01
8.291015625000000000e-01
5.000000000000000000e-01
