2.187500000000000000e-01
4.433593750000000000e-01
2.236328125000000000e-01
5.185546875000000000e-01
2.353515625000000000e-01
5.947265625000000000e-01
2.480468750000000000e-01
6.708984375000000000e-01
2.753906250000000000e-01
7.412109375000000000e-01
3.173828125000000000e-01
8.066406250000000000e-01
3.701171875000000000e-01
8.642578125000000000e-01
4.306640625000000000e-01
9.072265625000000000e-01
4.990234375000000000e-01
9.189453125000000000e-01
5.654296875000000000e-01
9.091796875000000000e-01
6.279296875000000000e-01
8.681640625000000000e-01
6.816406250000000000e-01
8.134765625000000000e-01
7.226562500000000000e-01
7.490234375000000000e-01
7.470703125000000000e-01
6.787109375000000000e-01
7.617187500000000000e-01
6.025390625000000000e-01
7.744140625000000000e-01
5.234375000000000000e-01
7.773437500000000000e-01
4.453125000000000000e-01
