1.718750000000000000e-01
4.970703125000000000e-01
1.806640625000000000e-01
5.742187500000000000e-01
1.884765625000000000e-01
6.494140625000000000e-01
2.031250000000000000e-01
7.246093750000000000e-01
2.363281250000000000e-01
7.939453125000000000e-01
2.880859375000000000e-01
8.515625000000000000e-01
3.554687500000000000e-01
8.984375000000000000e-01
4.287109375000000000e-01
9.316406250000000000e-01
5.058593750000000000e-01
9.404296875000000000e-01
5.791015625000000000e-01
9.267578125000000000e-01
6.367187500000000000e-01
8.847656250000000000e-01
6.826171875000000000e-01
8.320312500000000000e-01
7.158203125000000000e-01
7.744140625000000000e-01
7.353515625000000000e-01
7.060546875000000000e-01
7.441406250000000000e-01
6.367187500000000000e-01
7.509765625000000000e-01
5.703125000000000000e-01
7.529296875000000000e-01
4.980468750000000000e-01
