2.138671875000000000e-01
4.560546875000000000e-01
2.216796875000000000e-01
5.263671875000000000e-01
2.373046875000000000e-01
5.976562500000000000e-01
2.539062500000000000e-01
6.669921875000000000e-01
2.802734375000000000e-01
7.333984375000000000e-01
3.222656250000000000e-01
7.929687500000000000e-01
3.740234375000000000e-01
8.457031250000000000e-01
4.335937500000000000e-01
8.886718750000000000e-01
5.009765625000000000e-01
9.023437500000000000e-01
5.673828125000000000e-01
8.867187500000000000e-01
6.289062500000000000e-01
8.466796875000000000e-01
6.835937500000000000e-01
7.958984375000000000e-01
7.275390625000000000e-01
7.382812500000000000e-01
7.558593750000000000e-01
6.718750000000000000e-01
7.705078125000000000e-01
6.015625000000000000e-01
7.802734375000000000e-01
5.312500000000000000e-01
7.861328125000000000e-01
4.619140625000000000e-01
