2.509765625000000000e-01
4.677734375000000000e-01
2.519531250000000000e-01
5.341796875000000000e-01
2.558593750000000000e-01
6.005859375000000000e-01
2.656250000000000000e-01
6.689453125000000000e-01
2.890625000000000000e-01
7.324218750000000000e-01
3.261718750000000000e-01
7.910156250000000000e-01
3.730468750000000000e-01
8.447265625000000000e-01
4.267578125000000000e-01
8.925781250000000000e-01
4.931640625000000000e-01
9.082031250000000000e-01
5.585937500000000000e-01
8.945312500000000000e-01
6.171875000000000000e-01
8.544921875000000000e-01
6.699218750000000000e-01
8.037109375000000000e-01
7.148437500000000000e-01
7.460937500000000000e-01
7.460937500000000000e-01
6.826171875000000000e-01
7.617187500000000000e-01
6.113281250000000000e-01
7.724609375000000000e-01
5.400390625000000000e-01
7.822265625000000000e-01
4.667968750000000000e-01
