2.412109375000000000e-01
5.068359375000000000e-01
2.412109375000000000e-01
5.712890625000000000e-01
2.490234375000000000e-01
6.357421875000000000e-01
2.607421875000000000e-01
7.021484375000000000e-01
2.822265625000000000e-01
7.607421875000000000e-01
3.193359375000000000e-01
8.115234375000000000e-01
3.720703125000000000e-01
8.505859375000000000e-01
4.267578125000000000e-01
8.837890625000000000e-01
4.912109375000000000e-01
8.955078125000000000e-01
5.556640625000000000e-01
8.847656250000000000e-01
6.220703125000000000e-01
8.544921875000000000e-01
6.826171875000000000e-01
8.164062500000000000e-01
7.294921875000000000e-01
7.656250000000000000e-01
7.558593750000000000e-01
7.021484375000000000e-01
7.675781250000000000e-01
6.328125000000000000e-01
7.753906250000000000e-01
5.644531250000000000e-01
7.792968750000000000e-01
4.951171875000000000e-01
