1.923828125000000000e-01
4.765625000000000000e-01
2.011718750000000000e-01
5.488281250000000000e-01
2.119140625000000000e-01
6.201171875000000000e-01
2.294921875000000000e-01
6.884765625000000000e-01
2.636718750000000000e-01
7.470703125000000000e-01
3.144531250000000000e-01
7.910156250000000000e-01
3.750000000000000000e-01
8.242187500000000000e-01
4.355468750000000000e-01
8.525390625000000000e-01
4.960937500000000000e-01
8.593750000000000000e-01
5.527343750000000000e-01
8.447265625000000000e-01
6.064453125000000000e-01
8.105468750000000000e-01
6.591796875000000000e-01
7.714843750000000000e-01
7.031250000000000000e-01
7.255859375000000000e-01
7.304687500000000000e-01
6.650390625000000000e-01
7.451171875000000000e-01
5.996093750000000000e-01
7.578125000000000000e-01
5.341796875000000000e-01
7.656250000000000000e-01
4.687500000000000000e-01
