2.109375000000000000e-01
4.960937500000000000e-01
2.128906250000000000e-01
5.634765625000000000e-01
2.197265625000000000e-01
6.357421875000000000e-01
2.304687500000000000e-01
7.050781250000000000e-01
2.568359375000000000e-01
7.705078125000000000e-01
3.037109375000000000e-01
8.261718750000000000e-01
3.632812500000000000e-01
8.720703125000000000e-01
4.296875000000000000e-01
9.062500000000000000e-01
5.009765625000000000e-01
9.160156250000000000e-01
5.693359375000000000e-01
9.003906250000000000e-01
6.269531250000000000e-01
8.603515625000000000e-01
6.787109375000000000e-01
8.144531250000000000e-01
7.177734375000000000e-01
7.597656250000000000e-01
7.373046875000000000e-01
6.953125000000000000e-01
7.490234375000000000e-01
6.259765625000000000e-01
7.539062500000000000e-01
5.576171875000000000e-01
7.490234375000000000e-01
4.912109375000000000e-01
