2.646484375000000000e-01
5.107421875000000000e-01
2.617187500000000000e-01
5.742187500000000000e-01
2.675781250000000000e-01
6.376953125000000000e-01
2.763671875000000000e-01
7.021484375000000000e-01
2.900390625000000000e-01
7.675781250000000000e-01
3.183593750000000000e-01
8.271484375000000000e-01
3.642578125000000000e-01
8.750000000000000000e-01
4.218750000000000000e-01
9.091796875000000000e-01
4.921875000000000000e-01
9.218750000000000000e-01
5.664062500000000000e-01
9.111328125000000000e-01
6.357421875000000000e-01
8.857421875000000000e-01
6.972656250000000000e-01
8.486328125000000000e-01
7.382812500000000000e-01
7.988281250000000000e-01
7.626953125000000000e-01
7.353515625000000000e-01
7.773437500000000000e-01
6.689453125000000000e-01
7.841796875000000000e-01
6.015625000000000000e-01
7.880859375000000000e-01
5.322265625000000000e-01
