1.796875000000000000e-01
4.775390625000000000e-01
1.806640625000000000e-01
5.546875000000000000e-01
1.835937500000000000e-01
6.308593750000000000e-01
1.962890625000000000e-01
7.080078125000000000e-01
2.255859375000000000e-01
7.802734375000000000e-01
2.783203125000000000e-01
8.398437500000000000e-01
3.457031250000000000e-01
8.876953125000000000e-01
4.218750000000000000e-01
9.208984375000000000e-01
5.019531250000000000e-01
9.316406250000000000e-01
5.781250000000000000e-01
9.189453125000000000e-01
6.396484375000000000e-01
8.750000000000000000e-01
6.884765625000000000e-01
8.203125000000000000e-01
7.216796875000000000e-01
7.587890625000000000e-01
7.382812500000000000e-01
6.904296875000000000e-01
7.480468750000000000e-01
6.201171875000000000e-01
7.548828125000000000e-01
5.498046875000000000e-01
7.539062500000000000e-01
4.833984375000000000e-01
