1.875000000000000000e-01
4.697265625000000000e-01
1.943359375000000000e-01
5.498046875000000000e-01
2.050781250000000000e-01
6.279296875000000000e-01
2.197265625000000000e-01
7.031250000000000000e-01
2.509765625000000000e-01
7.714843750000000000e-01
3.027343750000000000e-01
8.281250000000000000e-01
3.662109375000000000e-01
8.750000000000000000e-01
4.355468750000000000e-01
9.130859375000000000e-01
5.019531250000000000e-01
9.238281250000000000e-01
5.673828125000000000e-01
9.052734375000000000e-01
6.269531250000000000e-01
8.544921875000000000e-01
6.816406250000000000e-01
8.007812500000000000e-01
7.236328125000000000e-01
7.441406250000000000e-01
7.470703125000000000e-01
6.777343750000000000e-01
7.548828125000000000e-01
6.044921875000000000e-01
7.607421875000000000e-01
5.351562500000000000e-01
7.597656250000000000e-01
4.648437500000000000e-01
