1.914062500000000000e-01
4.511718750000000000e-01
2.031250000000000000e-01
5.312500000000000000e-01
2.167968750000000000e-01
6.093750000000000000e-01
2.343750000000000000e-01
6.855468750000000000e-01
2.666015625000000000e-01
7.529296875000000000e-01
3.193359375000000000e-01
8.095703125000000000e-01
3.769531250000000000e-01
8.564453125000000000e-01
4.384765625000000000e-01
8.964843750000000000e-01
5.019531250000000000e-01
9.072265625000000000e-01
5.644531250000000000e-01
8.916015625000000000e-01
6.240234375000000000e-01
8.476562500000000000e-01
6.835937500000000000e-01
8.017578125000000000e-01
7.314453125000000000e-01
7.470703125000000000e-01
7.587890625000000000e-01
6.796875000000000000e-01
7.714843750000000000e-01
6.054687500000000000e-01
7.802734375000000000e-01
5.322265625000000000e-01
7.841796875000000000e-01
4.589843750000000000e-01
