1.855468750000000000e-01
4.716796875000000000e-01
1.855468750000000000e-01
5.507812500000000000e-01
1.884765625000000000e-01
6.298828125000000000e-01
1.992187500000000000e-01
7.080078125000000000e-01
2.236328125000000000e-01
7.812500000000000000e-01
2.734375000000000000e-01
8.408203125000000000e-01
3.378906250000000000e-01
8.906250000000000000e-01
4.111328125000000000e-01
9.296875000000000000e-01
4.921875000000000000e-01
9.404296875000000000e-01
5.722656250000000000e-01
9.277343750000000000e-01
6.376953125000000000e-01
8.867187500000000000e-01
6.953125000000000000e-01
8.339843750000000000e-01
7.382812500000000000e-01
7.753906250000000000e-01
7.607421875000000000e-01
7.041015625000000000e-01
7.734375000000000000e-01
6.289062500000000000e-01
7.792968750000000000e-01
5.537109375000000000e-01
7.812500000000000000e-01
4.785156250000000000e-01
