2.529296875000000000e-01
4.931640625000000000e-01
2.529296875000000000e-01
5.615234375000000000e-01
2.636718750000000000e-01
6.318359375000000000e-01
2.773437500000000000e-01
7.031250000000000000e-01
2.988281250000000000e-01
7.705078125000000000e-01
3.378906250000000000e-01
8.320312500000000000e-01
3.828125000000000000e-01
8.857421875000000000e-01
4.394531250000000000e-01
9.316406250000000000e-01
5.078125000000000000e-01
9.462890625000000000e-01
5.830078125000000000e-01
9.326171875000000000e-01
6.552734375000000000e-01
8.916015625000000000e-01
7.138671875000000000e-01
8.408203125000000000e-01
7.597656250000000000e-01
7.783203125000000000e-01
7.851562500000000000e-01
7.070312500000000000e-01
7.968750000000000000e-01
6.318359375000000000e-01
8.056640625000000000e-01
5.595703125000000000e-01
8.085937500000000000e-01
4.873046875000000000e-01
