2.246093750000000000e-01
4.755859375000000000e-01
2.324218750000000000e-01
5.468750000000000000e-01
2.421875000000000000e-01
6.152343750000000000e-01
2.480468750000000000e-01
6.855468750000000000e-01
2.675781250000000000e-01
7.519531250000000000e-01
3.085937500000000000e-01
8.056640625000000000e-01
3.632812500000000000e-01
8.505859375000000000e-01
4.267578125000000000e-01
8.867187500000000000e-01
5.019531250000000000e-01
8.955078125000000000e-01
5.761718750000000000e-01
8.837890625000000000e-01
6.435546875000000000e-01
8.447265625000000000e-01
7.021484375000000000e-01
7.988281250000000000e-01
7.509765625000000000e-01
7.451171875000000000e-01
7.763671875000000000e-01
6.796875000000000000e-01
7.861328125000000000e-01
6.083984375000000000e-01
7.939453125000000000e-01
5.410156250000000000e-01
8.027343750000000000e-01
4.707031250000000000e-01
