2.382812500000000000e-01
4.414062500000000000e-01
2.431640625000000000e-01
5.166015625000000000e-01
2.529296875000000000e-01
5.898437500000000000e-01
2.656250000000000000e-01
6.630859375000000000e-01
2.939453125000000000e-01
7.304687500000000000e-01
3.349609375000000000e-01
7.880859375000000000e-01
3.896484375000000000e-01
8.330078125000000000e-01
4.443359375000000000e-01
8.691406250000000000e-01
5.029296875000000000e-01
8.828125000000000000e-01
5.644531250000000000e-01
8.720703125000000000e-01
6.318359375000000000e-01
8.398437500000000000e-01
6.992187500000000000e-01
7.988281250000000000e-01
7.568359375000000000e-01
7.451171875000000000e-01
7.939453125000000000e-01
6.748046875000000000e-01
8.134765625000000000e-01
5.966796875000000000e-01
8.251953125000000000e-01
5.156250000000000000e-01
8.330078125000000000e-01
4.316406250000000000e-01
