2.177734375000000000e-01
4.736328125000000000e-01
2.207031250000000000e-01
5.458984375000000000e-01
2.294921875000000000e-01
6.181640625000000000e-01
2.421875000000000000e-01
6.904296875000000000e-01
2.666015625000000000e-01
7.607421875000000000e-01
3.066406250000000000e-01
8.251953125000000000e-01
3.593750000000000000e-01
8.808593750000000000e-01
4.228515625000000000e-01
9.257812500000000000e-01
4.980468750000000000e-01
9.384765625000000000e-01
5.732421875000000000e-01
9.267578125000000000e-01
6.376953125000000000e-01
8.876953125000000000e-01
6.894531250000000000e-01
8.339843750000000000e-01
7.304687500000000000e-01
7.724609375000000000e-01
7.578125000000000000e-01
7.031250000000000000e-01
7.744140625000000000e-01
6.289062500000000000e-01
7.832031250000000000e-01
5.527343750000000000e-01
7.861328125000000000e-01
4.794921875000000000e-01
