2.050781250000000000e-01
4.560546875000000000e-01
2.128906250000000000e-01
5.380859375000000000e-01
2.236328125000000000e-01
6.171875000000000000e-01
2.412109375000000000e-01
6.933593750000000000e-01
2.763671875000000000e-01
7.597656250000000000e-01
3.261718750000000000e-01
8.183593750000000000e-01
3.837890625000000000e-01
8.671875000000000000e-01
4.462890625000000000e-01
9.072265625000000000e-01
5.097656250000000000e-01
9.160156250000000000e-01
5.722656250000000000e-01
8.964843750000000000e-01
6.220703125000000000e-01
8.466796875000000000e-01
6.679687500000000000e-01
7.929687500000000000e-01
7.099609375000000000e-01
7.373046875000000000e-01
7.373046875000000000e-01
6.738281250000000000e-01
7.490234375000000000e-01
6.035156250000000000e-01
7.548828125000000000e-01
5.351562500000000000e-01
7.587890625000000000e-01
4.638671875000000000e-01
