2.587890625000000000e-01
4.794921875000000000e-01
2.578125000000000000e-01
5.449218750000000000e-01
2.646484375000000000e-01
6.142578125000000000e-01
2.812500000000000000e-01
6.787109375000000000e-01
3.076171875000000000e-01
7.421875000000000000e-01
3.486328125000000000e-01
7.978515625000000000e-01
3.945312500000000000e-01
8.457031250000000000e-01
4.462890625000000000e-01
8.847656250000000000e-01
5.087890625000000000e-01
8.945312500000000000e-01
5.712890625000000000e-01
8.808593750000000000e-01
6.259765625000000000e-01
8.427734375000000000e-01
6.757812500000000000e-01
7.968750000000000000e-01
7.187500000000000000e-01
7.451171875000000000e-01
7.470703125000000000e-01
6.826171875000000000e-01
7.636718750000000000e-01
6.162109375000000000e-01
7.705078125000000000e-01
5.488281250000000000e-01
7.753906250000000000e-01
4.814453125000000000e-01
