1.972656250000000000e-01
4.824218750000000000e-01
2.021484375000000000e-01
5.527343750000000000e-01
2.119140625000000000e-01
6.230468750000000000e-01
2.255859375000000000e-01
6.953125000000000000e-01
2.529296875000000000e-01
7.607421875000000000e-01
2.998046875000000000e-01
8.154296875000000000e-01
3.603515625000000000e-01
8.603515625000000000e-01
4.287109375000000000e-01
8.935546875000000000e-01
5.039062500000000000e-01
9.033203125000000000e-01
5.761718750000000000e-01
8.886718750000000000e-01
6.357421875000000000e-01
8.466796875000000000e-01
6.865234375000000000e-01
7.978515625000000000e-01
7.226562500000000000e-01
7.431640625000000000e-01
7.421875000000000000e-01
6.787109375000000000e-01
7.500000000000000000e-01
6.113281250000000000e-01
7.519531250000000000e-01
5.458984375000000000e-01
7.500000000000000000e-01
4.804687500000000000e-01
