2.724609375000000000e-01
4.853515625000000000e-01
2.626953125000000000e-01
5.478515625000000000e-01
2.617187500000000000e-01
6.142578125000000000e-01
2.685546875000000000e-01
6.845703125000000000e-01
2.851562500000000000e-01
7.568359375000000000e-01
3.173828125000000000e-01
8.242187500000000000e-01
3.603515625000000000e-01
8.857421875000000000e-01
4.111328125000000000e-01
9.365234375000000000e-01
4.765625000000000000e-01
9.541015625000000000e-01
5.546875000000000000e-01
9.472656250000000000e-01
6.367187500000000000e-01
9.169921875000000000e-01
7.187500000000000000e-01
8.740234375000000000e-01
7.841796875000000000e-01
8.144531250000000000e-01
8.251953125000000000e-01
7.412109375000000000e-01
8.457031250000000000e-01
6.582031250000000000e-01
8.574218750000000000e-01
5.742187500000000000e-01
8.671875000000000000e-01
4.912109375000000000e-01
