2.685546875000000000e-01
4.912109375000000000e-01
2.558593750000000000e-01
5.556640625000000000e-01
2.578125000000000000e-01
6.201171875000000000e-01
2.695312500000000000e-01
6.855468750000000000e-01
2.890625000000000000e-01
7.529296875000000000e-01
3.251953125000000000e-01
8.125000000000000000e-01
3.730468750000000000e-01
8.662109375000000000e-01
4.248046875000000000e-01
9.140625000000000000e-01
4.912109375000000000e-01
9.335937500000000000e-01
5.644531250000000000e-01
9.287109375000000000e-01
6.376953125000000000e-01
9.042968750000000000e-01
7.070312500000000000e-01
8.623046875000000000e-01
7.626953125000000000e-01
8.085937500000000000e-01
7.998046875000000000e-01
7.382812500000000000e-01
8.193359375000000000e-01
6.621093750000000000e-01
8.271484375000000000e-01
5.859375000000000000e-01
8.281250000000000000e-01
5.087890625000000000e-01
