1.796875000000000000e-01
5.039062500000000000e-01
1.826171875000000000e-01
5.761718750000000000e-01
1.894531250000000000e-01
6.484375000000000000e-01
2.031250000000000000e-01
7.207031250000000000e-01
2.333984375000000000e-01
7.871093750000000000e-01
2.841796875000000000e-01
8.398437500000000000e-01
3.496093750000000000e-01
8.798828125000000000e-01
4.208984375000000000e-01
9.072265625000000000e-01
4.941406250000000000e-01
9.160156250000000000e-01
5.654296875000000000e-01
9.023437500000000000e-01
6.289062500000000000e-01
8.652343750000000000e-01
6.826171875000000000e-01
8.193359375000000000e-01
7.207031250000000000e-01
7.607421875000000000e-01
7.402343750000000000e-01
6.933593750000000000e-01
7.500000000000000000e-01
6.250000000000000000e-01
7.587890625000000000e-01
5.585937500000000000e-01
7.607421875000000000e-01
4.931640625000000000e-01
