2.177734375000000000e-01
4.619140625000000000e-01
2.216796875000000000e-01
5.332031250000000000e-01
2.353515625000000000e-01
6.044921875000000000e-01
2.529296875000000000e-01
6.757812500000000000e-01
2.841796875000000000e-01
7.392578125000000000e-01
3.310546875000000000e-01
7.968750000000000000e-01
3.828125000000000000e-01
8.466796875000000000e-01
4.394531250000000000e-01
8.847656250000000000e-01
5.000000000000000000e-01
8.935546875000000000e-01
5.566406250000000000e-01
8.750000000000000000e-01
6.064453125000000000e-01
8.271484375000000000e-01
6.513671875000000000e-01
7.744140625000000000e-01
6.865234375000000000e-01
7.187500000000000000e-01
7.099609375000000000e-01
6.582031250000000000e-01
7.255859375000000000e-01
5.976562500000000000e-01
7.333984375000000000e-01
5.380859375000000000e-01
7.294921875000000000e-01
4.755859375000000000e-01
