2.226562500000000000e-01
4.599609375000000000e-01
2.275390625000000000e-01
5.263671875000000000e-01
2.392578125000000000e-01
5.937500000000000000e-01
2.529296875000000000e-01
6.611328125000000000e-01
2.783203125000000000e-01
7.265625000000000000e-01
3.203125000000000000e-01
7.861328125000000000e-01
3.730468750000000000e-01
8.388671875000000000e-01
4.355468750000000000e-01
8.779296875000000000e-01
5.029296875000000000e-01
8.896484375000000000e-01
5.683593750000000000e-01
8.769531250000000000e-01
6.269531250000000000e-01
8.369140625000000000e-01
6.748046875000000000e-01
7.851562500000000000e-01
7.099609375000000000e-01
7.275390625000000000e-01
7.294921875000000000e-01
6.611328125000000000e-01
7.431640625000000000e-01
5.947265625000000000e-01
7.568359375000000000e-01
5.283203125000000000e-01
7.626953125000000000e-01
4.619140625000000000e-01
