2.275390625000000000e-01
4.746093750000000000e-01
2.314453125000000000e-01
5.507812500000000000e-01
2.421875000000000000e-01
6.240234375000000000e-01
2.548828125000000000e-01
6.953125000000000000e-01
2.802734375000000000e-01
7.626953125000000000e-01
3.203125000000000000e-01
8.212890625000000000e-01
3.720703125000000000e-01
8.720703125000000000e-01
4.306640625000000000e-01
9.150390625000000000e-01
4.980468750000000000e-01
9.287109375000000000e-01
5.664062500000000000e-01
9.160156250000000000e-01
6.308593750000000000e-01
8.750000000000000000e-01
6.855468750000000000e-01
8.242187500000000000e-01
7.265625000000000000e-01
7.646484375000000000e-01
7.539062500000000000e-01
6.962890625000000000e-01
7.695312500000000000e-01
6.240234375000000000e-01
7.822265625000000000e-01
5.517578125000000000e-01
7.880859375000000000e-01
4.755859375000000000e-01
