2.304687500000000000e-01
4.628906250000000000e-01
2.314453125000000000e-01
5.351562500000000000e-01
2.392578125000000000e-01
6.083984375000000000e-01
2.500000000000000000e-01
6.796875000000000000e-01
2.714843750000000000e-01
7.490234375000000000e-01
3.144531250000000000e-01
8.115234375000000000e-01
3.701171875000000000e-01
8.632812500000000000e-01
4.316406250000000000e-01
9.072265625000000000e-01
5.009765625000000000e-01
9.169921875000000000e-01
5.703125000000000000e-01
9.042968750000000000e-01
6.308593750000000000e-01
8.613281250000000000e-01
6.865234375000000000e-01
8.105468750000000000e-01
7.285156250000000000e-01
7.519531250000000000e-01
7.548828125000000000e-01
6.855468750000000000e-01
7.685546875000000000e-01
6.142578125000000000e-01
7.792968750000000000e-01
5.410156250000000000e-01
7.822265625000000000e-01
4.667968750000000000e-01
