2.431640625000000000e-01
5.087890625000000000e-01
2.431640625000000000e-01
5.732421875000000000e-01
2.470703125000000000e-01
6.386718750000000000e-01
2.539062500000000000e-01
7.050781250000000000e-01
2.744140625000000000e-01
7.685546875000000000e-01
3.134765625000000000e-01
8.212890625000000000e-01
3.632812500000000000e-01
8.642578125000000000e-01
4.218750000000000000e-01
9.033203125000000000e-01
4.902343750000000000e-01
9.189453125000000000e-01
5.625000000000000000e-01
9.072265625000000000e-01
6.269531250000000000e-01
8.740234375000000000e-01
6.855468750000000000e-01
8.320312500000000000e-01
7.314453125000000000e-01
7.802734375000000000e-01
7.568359375000000000e-01
7.197265625000000000e-01
7.695312500000000000e-01
6.552734375000000000e-01
7.773437500000000000e-01
5.888671875000000000e-01
7.832031250000000000e-01
5.205078125000000000e-01
