1.552734375000000000e-01
4.531250000000000000e-01
1.650390625000000000e-01
5.371093750000000000e-01
1.787109375000000000e-01
6.162109375000000000e-01
1.982421875000000000e-01
6.894531250000000000e-01
2.353515625000000000e-01
7.558593750000000000e-01
2.900390625000000000e-01
8.066406250000000000e-01
3.593750000000000000e-01
8.408203125000000000e-01
4.287109375000000000e-01
8.671875000000000000e-01
4.931640625000000000e-01
8.720703125000000000e-01
5.507812500000000000e-01
8.554687500000000000e-01
6.025390625000000000e-01
8.193359375000000000e-01
6.533203125000000000e-01
7.792968750000000000e-01
6.894531250000000000e-01
7.285156250000000000e-01
7.089843750000000000e-01
6.650390625000000000e-01
7.197265625000000000e-01
5.986328125000000000e-01
7.314453125000000000e-01
5.322265625000000000e-01
7.412109375000000000e-01
4.638671875000000000e-01
