2.509765625000000000e-01
4.882812500000000000e-01
2.490234375000000000e-01
5.576171875000000000e-01
2.578125000000000000e-01
6.279296875000000000e-01
2.675781250000000000e-01
6.992187500000000000e-01
2.851562500000000000e-01
7.675781250000000000e-01
3.222656250000000000e-01
8.271484375000000000e-01
3.750000000000000000e-01
8.779296875000000000e-01
4.355468750000000000e-01
9.150390625000000000e-01
5.068359375000000000e-01
9.257812500000000000e-01
5.800781250000000000e-01
9.150390625000000000e-01
6.474609375000000000e-01
8.828125000000000000e-01
7.060546875000000000e-01
8.378906250000000000e-01
7.470703125000000000e-01
7.841796875000000000e-01
7.724609375000000000e-01
7.177734375000000000e-01
7.841796875000000000e-01
6.484375000000000000e-01
7.900390625000000000e-01
5.781250000000000000e-01
7.871093750000000000e-01
5.078125000000000000e-01
