2.529296875000000000e-01
4.746093750000000000e-01
2.500000000000000000e-01
5.458984375000000000e-01
2.548828125000000000e-01
6.201171875000000000e-01
2.675781250000000000e-01
6.904296875000000000e-01
2.939453125000000000e-01
7.587890625000000000e-01
3.378906250000000000e-01
8.173828125000000000e-01
3.847656250000000000e-01
8.720703125000000000e-01
4.375000000000000000e-01
9.218750000000000000e-01
4.980468750000000000e-01
9.394531250000000000e-01
5.673828125000000000e-01
9.306640625000000000e-01
6.425781250000000000e-01
8.945312500000000000e-01
7.119140625000000000e-01
8.486328125000000000e-01
7.714843750000000000e-01
7.900390625000000000e-01
8.066406250000000000e-01
7.187500000000000000e-01
8.193359375000000000e-01
6.396484375000000000e-01
8.291015625000000000e-01
5.615234375000000000e-01
8.300781250000000000e-01
4.814453125000000000e-01
