1.757812500000000000e-01
5.009765625000000000e-01
1.787109375000000000e-01
5.781250000000000000e-01
1.845703125000000000e-01
6.572265625000000000e-01
1.982421875000000000e-01
7.353515625000000000e-01
2.294921875000000000e-01
8.037109375000000000e-01
2.861328125000000000e-01
8.574218750000000000e-01
3.593750000000000000e-01
8.945312500000000000e-01
4.384765625000000000e-01
9.199218750000000000e-01
5.156250000000000000e-01
9.267578125000000000e-01
5.888671875000000000e-01
9.130859375000000000e-01
6.484375000000000000e-01
8.808593750000000000e-01
7.011718750000000000e-01
8.369140625000000000e-01
7.382812500000000000e-01
7.783203125000000000e-01
7.568359375000000000e-01
7.099609375000000000e-01
7.656250000000000000e-01
6.396484375000000000e-01
7.685546875000000000e-01
5.693359375000000000e-01
7.646484375000000000e-01
4.980468750000000000e-01
