2.031250000000000000e-01
5.283203125000000000e-01
2.041015625000000000e-01
5.966796875000000000e-01
2.119140625000000000e-01
6.650390625000000000e-01
2.294921875000000000e-01
7.412109375000000000e-01
2.548828125000000000e-01
8.105468750000000000e-01
2.988281250000000000e-01
8.701171875000000000e-01
3.593750000000000000e-01
9.150390625000000000e-01
4.326171875000000000e-01
9.414062500000000000e-01
5.166015625000000000e-01
9.472656250000000000e-01
5.986328125000000000e-01
9.335937500000000000e-01
6.669921875000000000e-01
8.984375000000000000e-01
7.216796875000000000e-01
8.476562500000000000e-01
7.578125000000000000e-01
7.851562500000000000e-01
7.773437500000000000e-01
7.187500000000000000e-01
7.851562500000000000e-01
6.494140625000000000e-01
7.851562500000000000e-01
5.820312500000000000e-01
7.832031250000000000e-01
5.146484375000000000e-01
