2.548828125000000000e-01
4.785156250000000000e-01
2.519531250000000000e-01
5.468750000000000000e-01
2.587890625000000000e-01
6.171875000000000000e-01
2.705078125000000000e-01
6.845703125000000000e-01
2.949218750000000000e-01
7.451171875000000000e-01
3.339843750000000000e-01
8.007812500000000000e-01
3.779296875000000000e-01
8.515625000000000000e-01
4.306640625000000000e-01
8.916015625000000000e-01
4.921875000000000000e-01
9.062500000000000000e-01
5.556640625000000000e-01
8.984375000000000000e-01
6.113281250000000000e-01
8.623046875000000000e-01
6.621093750000000000e-01
8.183593750000000000e-01
7.031250000000000000e-01
7.636718750000000000e-01
7.285156250000000000e-01
7.001953125000000000e-01
7.460937500000000000e-01
6.337890625000000000e-01
7.617187500000000000e-01
5.634765625000000000e-01
7.666015625000000000e-01
4.912109375000000000e-01
