1.943359375000000000e-01
5.058593750000000000e-01
2.001953125000000000e-01
5.771484375000000000e-01
2.099609375000000000e-01
6.484375000000000000e-01
2.246093750000000000e-01
7.197265625000000000e-01
2.529296875000000000e-01
7.861328125000000000e-01
2.978515625000000000e-01
8.417968750000000000e-01
3.574218750000000000e-01
8.876953125000000000e-01
4.248046875000000000e-01
9.218750000000000000e-01
4.990234375000000000e-01
9.335937500000000000e-01
5.693359375000000000e-01
9.199218750000000000e-01
6.337890625000000000e-01
8.837890625000000000e-01
6.884765625000000000e-01
8.369140625000000000e-01
7.314453125000000000e-01
7.812500000000000000e-01
7.578125000000000000e-01
7.158203125000000000e-01
7.734375000000000000e-01
6.455078125000000000e-01
7.832031250000000000e-01
5.761718750000000000e-01
7.880859375000000000e-01
5.048828125000000000e-01
