2.392578125000000000e-01
4.980468750000000000e-01
2.470703125000000000e-01
5.644531250000000000e-01
2.568359375000000000e-01
6.308593750000000000e-01
2.695312500000000000e-01
6.992187500000000000e-01
2.890625000000000000e-01
7.636718750000000000e-01
3.212890625000000000e-01
8.193359375000000000e-01
3.701171875000000000e-01
8.671875000000000000e-01
4.238281250000000000e-01
9.023437500000000000e-01
4.912109375000000000e-01
9.111328125000000000e-01
5.625000000000000000e-01
8.984375000000000000e-01
6.318359375000000000e-01
8.681640625000000000e-01
6.953125000000000000e-01
8.291015625000000000e-01
7.451171875000000000e-01
7.763671875000000000e-01
7.753906250000000000e-01
7.128906250000000000e-01
7.919921875000000000e-01
6.416015625000000000e-01
8.046875000000000000e-01
5.712890625000000000e-01
8.164062500000000000e-01
4.980468750000000000e-01
