1.806640625000000000e-01
4.697265625000000000e-01
1.875000000000000000e-01
5.488281250000000000e-01
1.943359375000000000e-01
6.298828125000000000e-01
2.080078125000000000e-01
7.080078125000000000e-01
2.392578125000000000e-01
7.792968750000000000e-01
2.890625000000000000e-01
8.398437500000000000e-01
3.525390625000000000e-01
8.867187500000000000e-01
4.238281250000000000e-01
9.218750000000000000e-01
4.960937500000000000e-01
9.345703125000000000e-01
5.654296875000000000e-01
9.189453125000000000e-01
6.259765625000000000e-01
8.789062500000000000e-01
6.826171875000000000e-01
8.310546875000000000e-01
7.216796875000000000e-01
7.753906250000000000e-01
7.451171875000000000e-01
7.080078125000000000e-01
7.568359375000000000e-01
6.357421875000000000e-01
7.646484375000000000e-01
5.634765625000000000e-01
7.626953125000000000e-01
4.902343750000000000e-01
