2.041015625000000000e-01
4.580078125000000000e-01
2.011718750000000000e-01
5.351562500000000000e-01
2.070312500000000000e-01
6.123046875000000000e-01
2.177734375000000000e-01
6.894531250000000000e-01
2.441406250000000000e-01
7.617187500000000000e-01
2.929687500000000000e-01
8.251953125000000000e-01
3.535156250000000000e-01
8.798828125000000000e-01
4.218750000000000000e-01
9.228515625000000000e-01
4.941406250000000000e-01
9.345703125000000000e-01
5.654296875000000000e-01
9.199218750000000000e-01
6.259765625000000000e-01
8.730468750000000000e-01
6.777343750000000000e-01
8.154296875000000000e-01
7.226562500000000000e-01
7.568359375000000000e-01
7.480468750000000000e-01
6.884765625000000000e-01
7.587890625000000000e-01
6.171875000000000000e-01
7.695312500000000000e-01
5.439453125000000000e-01
7.695312500000000000e-01
4.716796875000000000e-01
