2.373046875000000000e-01
5.351562500000000000e-01
2.363281250000000000e-01
5.908203125000000000e-01
2.392578125000000000e-01
6.494140625000000000e-01
2.490234375000000000e-01
7.099609375000000000e-01
2.685546875000000000e-01
7.675781250000000000e-01
3.066406250000000000e-01
8.154296875000000000e-01
3.574218750000000000e-01
8.515625000000000000e-01
4.169921875000000000e-01
8.818359375000000000e-01
4.902343750000000000e-01
8.916015625000000000e-01
5.654296875000000000e-01
8.847656250000000000e-01
6.308593750000000000e-01
8.593750000000000000e-01
6.923828125000000000e-01
8.281250000000000000e-01
7.402343750000000000e-01
7.841796875000000000e-01
7.666015625000000000e-01
7.236328125000000000e-01
7.792968750000000000e-01
6.591796875000000000e-01
7.832031250000000000e-01
5.957031250000000000e-01
7.841796875000000000e-01
5.322265625000000000e-01
