2.314453125000000000e-01
4.785156250000000000e-01
2.343750000000000000e-01
5.478515625000000000e-01
2.421875000000000000e-01
6.191406250000000000e-01
2.548828125000000000e-01
6.894531250000000000e-01
2.802734375000000000e-01
7.548828125000000000e-01
3.242187500000000000e-01
8.125000000000000000e-01
3.740234375000000000e-01
8.613281250000000000e-01
4.316406250000000000e-01
9.023437500000000000e-01
4.970703125000000000e-01
9.150390625000000000e-01
5.595703125000000000e-01
9.003906250000000000e-01
6.162109375000000000e-01
8.554687500000000000e-01
6.630859375000000000e-01
8.066406250000000000e-01
7.050781250000000000e-01
7.480468750000000000e-01
7.314453125000000000e-01
6.806640625000000000e-01
7.441406250000000000e-01
6.113281250000000000e-01
7.509765625000000000e-01
5.400390625000000000e-01
7.558593750000000000e-01
4.697265625000000000e-01
