1.914062500000000000e-01
5.107421875000000000e-01
1.953125000000000000e-01
5.830078125000000000e-01
2.041015625000000000e-01
6.513671875000000000e-01
2.187500000000000000e-01
7.197265625000000000e-01
2.470703125000000000e-01
7.841796875000000000e-01
2.939453125000000000e-01
8.388671875000000000e-01
3.564453125000000000e-01
8.789062500000000000e-01
4.277343750000000000e-01
9.062500000000000000e-01
5.029296875000000000e-01
9.130859375000000000e-01
5.722656250000000000e-01
8.994140625000000000e-01
6.328125000000000000e-01
8.642578125000000000e-01
6.816406250000000000e-01
8.173828125000000000e-01
7.138671875000000000e-01
7.578125000000000000e-01
7.285156250000000000e-01
6.953125000000000000e-01
7.353515625000000000e-01
6.318359375000000000e-01
7.373046875000000000e-01
5.703125000000000000e-01
7.353515625000000000e-01
5.097656250000000000e-01
