2.050781250000000000e-01
4.726562500000000000e-01
2.099609375000000000e-01
5.468750000000000000e-01
2.207031250000000000e-01
6.210937500000000000e-01
2.353515625000000000e-01
6.914062500000000000e-01
2.587890625000000000e-01
7.597656250000000000e-01
3.017578125000000000e-01
8.193359375000000000e-01
3.564453125000000000e-01
8.681640625000000000e-01
4.208984375000000000e-01
9.072265625000000000e-01
4.941406250000000000e-01
9.169921875000000000e-01
5.664062500000000000e-01
9.062500000000000000e-01
6.250000000000000000e-01
8.652343750000000000e-01
6.738281250000000000e-01
8.125000000000000000e-01
7.148437500000000000e-01
7.548828125000000000e-01
7.392578125000000000e-01
6.875000000000000000e-01
7.548828125000000000e-01
6.181640625000000000e-01
7.666015625000000000e-01
5.478515625000000000e-01
7.724609375000000000e-01
4.746093750000000000e-01
