2.285156250000000000e-01
4.892578125000000000e-01
2.285156250000000000e-01
5.605468750000000000e-01
2.333984375000000000e-01
6.337890625000000000e-01
2.431640625000000000e-01
7.070312500000000000e-01
2.666015625000000000e-01
7.783203125000000000e-01
3.105468750000000000e-01
8.359375000000000000e-01
3.671875000000000000e-01
8.837890625000000000e-01
4.306640625000000000e-01
9.248046875000000000e-01
5.048828125000000000e-01
9.375000000000000000e-01
5.791015625000000000e-01
9.248046875000000000e-01
6.425781250000000000e-01
8.808593750000000000e-01
6.992187500000000000e-01
8.320312500000000000e-01
7.451171875000000000e-01
7.744140625000000000e-01
7.695312500000000000e-01
7.060546875000000000e-01
7.832031250000000000e-01
6.337890625000000000e-01
7.890625000000000000e-01
5.615234375000000000e-01
7.900390625000000000e-01
4.873046875000000000e-01
