2.021484375000000000e-01
4.912109375000000000e-01
2.089843750000000000e-01
5.625000000000000000e-01
2.187500000000000000e-01
6.357421875000000000e-01
2.314453125000000000e-01
7.080078125000000000e-01
2.568359375000000000e-01
7.812500000000000000e-01
3.017578125000000000e-01
8.447265625000000000e-01
3.613281250000000000e-01
9.003906250000000000e-01
4.306640625000000000e-01
9.414062500000000000e-01
5.039062500000000000e-01
9.511718750000000000e-01
5.781250000000000000e-01
9.355468750000000000e-01
6.367187500000000000e-01
8.857421875000000000e-01
6.835937500000000000e-01
8.271484375000000000e-01
7.216796875000000000e-01
7.666015625000000000e-01
7.412109375000000000e-01
6.992187500000000000e-01
7.519531250000000000e-01
6.298828125000000000e-01
7.548828125000000000e-01
5.595703125000000000e-01
7.509765625000000000e-01
4.921875000000000000e-01
