1.582031250000000000e-01
4.990234375000000000e-01
1.582031250000000000e-01
5.771484375000000000e-01
1.621093750000000000e-01
6.572265625000000000e-01
1.767578125000000000e-01
7.353515625000000000e-01
2.128906250000000000e-01
8.027343750000000000e-01
2.724609375000000000e-01
8.593750000000000000e-01
3.496093750000000000e-01
9.013671875000000000e-01
4.287109375000000000e-01
9.316406250000000000e-01
5.097656250000000000e-01
9.404296875000000000e-01
5.820312500000000000e-01
9.238281250000000000e-01
6.396484375000000000e-01
8.779296875000000000e-01
6.875000000000000000e-01
8.232421875000000000e-01
7.187500000000000000e-01
7.597656250000000000e-01
7.324218750000000000e-01
6.904296875000000000e-01
7.402343750000000000e-01
6.240234375000000000e-01
7.382812500000000000e-01
5.585937500000000000e-01
7.236328125000000000e-01
4.941406250000000000e-01
