2.060546875000000000e-01
4.482421875000000000e-01
2.158203125000000000e-01
5.244140625000000000e-01
2.314453125000000000e-01
5.966796875000000000e-01
2.451171875000000000e-01
6.650390625000000000e-01
2.724609375000000000e-01
7.285156250000000000e-01
3.173828125000000000e-01
7.783203125000000000e-01
3.750000000000000000e-01
8.173828125000000000e-01
4.345703125000000000e-01
8.476562500000000000e-01
4.941406250000000000e-01
8.574218750000000000e-01
5.507812500000000000e-01
8.447265625000000000e-01
6.035156250000000000e-01
8.095703125000000000e-01
6.523437500000000000e-01
7.685546875000000000e-01
6.943359375000000000e-01
7.187500000000000000e-01
7.187500000000000000e-01
6.552734375000000000e-01
7.333984375000000000e-01
5.869140625000000000e-01
7.500000000000000000e-01
5.185546875000000000e-01
7.607421875000000000e-01
4.462890625000000000e-01
