2.666015625000000000e-01
4.482421875000000000e-01
2.636718750000000000e-01
5.214843750000000000e-01
2.646484375000000000e-01
5.937500000000000000e-01
2.744140625000000000e-01
6.689453125000000000e-01
2.988281250000000000e-01
7.412109375000000000e-01
3.408203125000000000e-01
8.066406250000000000e-01
3.837890625000000000e-01
8.681640625000000000e-01
4.345703125000000000e-01
9.228515625000000000e-01
4.941406250000000000e-01
9.414062500000000000e-01
5.634765625000000000e-01
9.326171875000000000e-01
6.337890625000000000e-01
8.955078125000000000e-01
7.011718750000000000e-01
8.496093750000000000e-01
7.587890625000000000e-01
7.900390625000000000e-01
8.007812500000000000e-01
7.216796875000000000e-01
8.203125000000000000e-01
6.406250000000000000e-01
8.300781250000000000e-01
5.527343750000000000e-01
8.388671875000000000e-01
4.658203125000000000e-01
