2.529296875000000000e-01
4.531250000000000000e-01
2.558593750000000000e-01
5.253906250000000000e-01
2.646484375000000000e-01
5.966796875000000000e-01
2.783203125000000000e-01
6.650390625000000000e-01
2.968750000000000000e-01
7.353515625000000000e-01
3.300781250000000000e-01
8.027343750000000000e-01
3.730468750000000000e-01
8.623046875000000000e-01
4.248046875000000000e-01
9.130859375000000000e-01
4.902343750000000000e-01
9.287109375000000000e-01
5.605468750000000000e-01
9.189453125000000000e-01
6.250000000000000000e-01
8.769531250000000000e-01
6.845703125000000000e-01
8.242187500000000000e-01
7.314453125000000000e-01
7.607421875000000000e-01
7.597656250000000000e-01
6.865234375000000000e-01
7.783203125000000000e-01
6.093750000000000000e-01
7.910156250000000000e-01
5.292968750000000000e-01
7.968750000000000000e-01
4.482421875000000000e-01
