2.324218750000000000e-01
4.707031250000000000e-01
2.392578125000000000e-01
5.449218750000000000e-01
2.509765625000000000e-01
6.171875000000000000e-01
2.646484375000000000e-01
6.875000000000000000e-01
2.890625000000000000e-01
7.509765625000000000e-01
3.339843750000000000e-01
8.017578125000000000e-01
3.847656250000000000e-01
8.486328125000000000e-01
4.384765625000000000e-01
8.896484375000000000e-01
5.000000000000000000e-01
9.033203125000000000e-01
5.615234375000000000e-01
8.925781250000000000e-01
6.201171875000000000e-01
8.544921875000000000e-01
6.757812500000000000e-01
8.115234375000000000e-01
7.236328125000000000e-01
7.607421875000000000e-01
7.529296875000000000e-01
6.962890625000000000e-01
7.695312500000000000e-01
6.240234375000000000e-01
7.841796875000000000e-01
5.517578125000000000e-01
7.949218750000000000e-01
4.746093750000000000e-01
