2.539062500000000000e-01
4.931640625000000000e-01
2.460937500000000000e-01
5.595703125000000000e-01
2.480468750000000000e-01
6.289062500000000000e-01
2.539062500000000000e-01
6.992187500000000000e-01
2.685546875000000000e-01
7.695312500000000000e-01
3.027343750000000000e-01
8.330078125000000000e-01
3.544921875000000000e-01
8.837890625000000000e-01
4.179687500000000000e-01
9.199218750000000000e-01
4.921875000000000000e-01
9.345703125000000000e-01
5.712890625000000000e-01
9.228515625000000000e-01
6.445312500000000000e-01
8.925781250000000000e-01
7.099609375000000000e-01
8.515625000000000000e-01
7.578125000000000000e-01
7.949218750000000000e-01
7.832031250000000000e-01
7.255859375000000000e-01
7.968750000000000000e-01
6.533203125000000000e-01
8.066406250000000000e-01
5.800781250000000000e-01
8.105468750000000000e-01
5.087890625000000000e-01
