2.324218750000000000e-01
4.658203125000000000e-01
2.470703125000000000e-01
5.380859375000000000e-01
2.636718750000000000e-01
6.064453125000000000e-01
2.734375000000000000e-01
6.757812500000000000e-01
2.910156250000000000e-01
7.402343750000000000e-01
3.291015625000000000e-01
7.939453125000000000e-01
3.779296875000000000e-01
8.417968750000000000e-01
4.365234375000000000e-01
8.818359375000000000e-01
5.039062500000000000e-01
8.974609375000000000e-01
5.771484375000000000e-01
8.867187500000000000e-01
6.455078125000000000e-01
8.496093750000000000e-01
7.041015625000000000e-01
8.027343750000000000e-01
7.480468750000000000e-01
7.451171875000000000e-01
7.705078125000000000e-01
6.757812500000000000e-01
7.861328125000000000e-01
6.015625000000000000e-01
8.017578125000000000e-01
5.273437500000000000e-01
8.144531250000000000e-01
4.462890625000000000e-01
