1.806640625000000000e-01
4.990234375000000000e-01
1.826171875000000000e-01
5.703125000000000000e-01
1.875000000000000000e-01
6.416015625000000000e-01
1.992187500000000000e-01
7.167968750000000000e-01
2.265625000000000000e-01
7.861328125000000000e-01
2.773437500000000000e-01
8.457031250000000000e-01
3.427734375000000000e-01
8.925781250000000000e-01
4.199218750000000000e-01
9.257812500000000000e-01
5.009765625000000000e-01
9.345703125000000000e-01
5.791015625000000000e-01
9.238281250000000000e-01
6.435546875000000000e-01
8.857421875000000000e-01
6.962890625000000000e-01
8.369140625000000000e-01
7.353515625000000000e-01
7.802734375000000000e-01
7.539062500000000000e-01
7.128906250000000000e-01
7.607421875000000000e-01
6.435546875000000000e-01
7.636718750000000000e-01
5.751953125000000000e-01
7.646484375000000000e-01
5.078125000000000000e-01
