1.855468750000000000e-01
4.794921875000000000e-01
1.992187500000000000e-01
5.537109375000000000e-01
2.128906250000000000e-01
6.289062500000000000e-01
2.294921875000000000e-01
7.001953125000000000e-01
2.675781250000000000e-01
7.607421875000000000e-01
3.291015625000000000e-01
8.085937500000000000e-01
3.896484375000000000e-01
8.515625000000000000e-01
4.511718750000000000e-01
8.896484375000000000e-01
5.117187500000000000e-01
8.984375000000000000e-01
5.722656250000000000e-01
8.847656250000000000e-01
6.279296875000000000e-01
8.447265625000000000e-01
6.845703125000000000e-01
8.056640625000000000e-01
7.324218750000000000e-01
7.578125000000000000e-01
7.617187500000000000e-01
6.943359375000000000e-01
7.734375000000000000e-01
6.210937500000000000e-01
7.812500000000000000e-01
5.498046875000000000e-01
7.841796875000000000e-01
4.765625000000000000e-01
