1.699218750000000000e-01
4.775390625000000000e-01
1.748046875000000000e-01
5.546875000000000000e-01
1.845703125000000000e-01
6.308593750000000000e-01
1.982421875000000000e-01
7.060546875000000000e-01
2.294921875000000000e-01
7.744140625000000000e-01
2.812500000000000000e-01
8.330078125000000000e-01
3.447265625000000000e-01
8.818359375000000000e-01
4.160156250000000000e-01
9.208984375000000000e-01
4.892578125000000000e-01
9.316406250000000000e-01
5.585937500000000000e-01
9.179687500000000000e-01
6.191406250000000000e-01
8.740234375000000000e-01
6.748046875000000000e-01
8.222656250000000000e-01
7.167968750000000000e-01
7.636718750000000000e-01
7.382812500000000000e-01
6.933593750000000000e-01
7.500000000000000000e-01
6.181640625000000000e-01
7.617187500000000000e-01
5.429687500000000000e-01
7.646484375000000000e-01
4.658203125000000000e-01
