2.246093750000000000e-01
4.941406250000000000e-01
2.275390625000000000e-01
5.625000000000000000e-01
2.363281250000000000e-01
6.308593750000000000e-01
2.470703125000000000e-01
7.001953125000000000e-01
2.744140625000000000e-01
7.607421875000000000e-01
3.164062500000000000e-01
8.134765625000000000e-01
3.671875000000000000e-01
8.583984375000000000e-01
4.277343750000000000e-01
8.935546875000000000e-01
4.951171875000000000e-01
9.042968750000000000e-01
5.585937500000000000e-01
8.886718750000000000e-01
6.142578125000000000e-01
8.505859375000000000e-01
6.630859375000000000e-01
8.056640625000000000e-01
7.021484375000000000e-01
7.539062500000000000e-01
7.226562500000000000e-01
6.914062500000000000e-01
7.353515625000000000e-01
6.230468750000000000e-01
7.451171875000000000e-01
5.576171875000000000e-01
7.480468750000000000e-01
4.892578125000000000e-01
