1.630859375000000000e-01
5.107421875000000000e-01
1.708984375000000000e-01
5.830078125000000000e-01
1.796875000000000000e-01
6.552734375000000000e-01
1.972656250000000000e-01
7.255859375000000000e-01
2.304687500000000000e-01
7.890625000000000000e-01
2.871093750000000000e-01
8.359375000000000000e-01
3.593750000000000000e-01
8.720703125000000000e-01
4.355468750000000000e-01
8.945312500000000000e-01
5.087890625000000000e-01
9.013671875000000000e-01
5.781250000000000000e-01
8.886718750000000000e-01
6.347656250000000000e-01
8.525390625000000000e-01
6.806640625000000000e-01
8.076171875000000000e-01
7.128906250000000000e-01
7.529296875000000000e-01
7.294921875000000000e-01
6.914062500000000000e-01
7.373046875000000000e-01
6.279296875000000000e-01
7.373046875000000000e-01
5.664062500000000000e-01
7.304687500000000000e-01
5.048828125000000000e-01
