2.246093750000000000e-01
4.326171875000000000e-01
2.304687500000000000e-01
5.107421875000000000e-01
2.421875000000000000e-01
5.878906250000000000e-01
2.558593750000000000e-01
6.621093750000000000e-01
2.851562500000000000e-01
7.294921875000000000e-01
3.349609375000000000e-01
7.841796875000000000e-01
3.876953125000000000e-01
8.330078125000000000e-01
4.433593750000000000e-01
8.779296875000000000e-01
5.048828125000000000e-01
8.916015625000000000e-01
5.673828125000000000e-01
8.808593750000000000e-01
6.250000000000000000e-01
8.408203125000000000e-01
6.806640625000000000e-01
7.949218750000000000e-01
7.285156250000000000e-01
7.431640625000000000e-01
7.587890625000000000e-01
6.757812500000000000e-01
7.705078125000000000e-01
6.005859375000000000e-01
7.783203125000000000e-01
5.224609375000000000e-01
7.832031250000000000e-01
4.433593750000000000e-01
