2.519531250000000000e-01
4.843750000000000000e-01
2.509765625000000000e-01
5.507812500000000000e-01
2.568359375000000000e-01
6.181640625000000000e-01
2.675781250000000000e-01
6.865234375000000000e-01
2.929687500000000000e-01
7.500000000000000000e-01
3.300781250000000000e-01
8.037109375000000000e-01
3.789062500000000000e-01
8.515625000000000000e-01
4.326171875000000000e-01
8.916015625000000000e-01
4.951171875000000000e-01
9.082031250000000000e-01
5.634765625000000000e-01
8.945312500000000000e-01
6.289062500000000000e-01
8.603515625000000000e-01
6.875000000000000000e-01
8.164062500000000000e-01
7.353515625000000000e-01
7.626953125000000000e-01
7.636718750000000000e-01
6.962890625000000000e-01
7.763671875000000000e-01
6.230468750000000000e-01
7.861328125000000000e-01
5.488281250000000000e-01
7.910156250000000000e-01
4.755859375000000000e-01
