2.470703125000000000e-01
4.746093750000000000e-01
2.470703125000000000e-01
5.439453125000000000e-01
2.529296875000000000e-01
6.132812500000000000e-01
2.626953125000000000e-01
6.826171875000000000e-01
2.822265625000000000e-01
7.490234375000000000e-01
3.193359375000000000e-01
8.056640625000000000e-01
3.710937500000000000e-01
8.535156250000000000e-01
4.296875000000000000e-01
8.955078125000000000e-01
4.960937500000000000e-01
9.111328125000000000e-01
5.654296875000000000e-01
9.003906250000000000e-01
6.337890625000000000e-01
8.642578125000000000e-01
6.943359375000000000e-01
8.183593750000000000e-01
7.421875000000000000e-01
7.646484375000000000e-01
7.705078125000000000e-01
6.982421875000000000e-01
7.832031250000000000e-01
6.259765625000000000e-01
7.968750000000000000e-01
5.537109375000000000e-01
8.046875000000000000e-01
4.794921875000000000e-01
