2.490234375000000000e-01
4.726562500000000000e-01
2.441406250000000000e-01
5.410156250000000000e-01
2.500000000000000000e-01
6.103515625000000000e-01
2.666015625000000000e-01
6.787109375000000000e-01
2.910156250000000000e-01
7.460937500000000000e-01
3.291015625000000000e-01
8.076171875000000000e-01
3.759765625000000000e-01
8.623046875000000000e-01
4.316406250000000000e-01
9.062500000000000000e-01
5.029296875000000000e-01
9.160156250000000000e-01
5.791015625000000000e-01
9.062500000000000000e-01
6.513671875000000000e-01
8.681640625000000000e-01
7.177734375000000000e-01
8.164062500000000000e-01
7.744140625000000000e-01
7.558593750000000000e-01
8.085937500000000000e-01
6.865234375000000000e-01
8.242187500000000000e-01
6.113281250000000000e-01
8.291015625000000000e-01
5.332031250000000000e-01
8.310546875000000000e-01
4.570312500000000000e-01
