1.728515625000000000e-01
4.423828125000000000e-01
1.767578125000000000e-01
5.244140625000000000e-01
1.875000000000000000e-01
6.054687500000000000e-01
2.011718750000000000e-01
6.835937500000000000e-01
2.314453125000000000e-01
7.548828125000000000e-01
2.841796875000000000e-01
8.134765625000000000e-01
3.505859375000000000e-01
8.574218750000000000e-01
4.199218750000000000e-01
8.906250000000000000e-01
4.882812500000000000e-01
8.984375000000000000e-01
5.478515625000000000e-01
8.798828125000000000e-01
6.005859375000000000e-01
8.330078125000000000e-01
6.533203125000000000e-01
7.841796875000000000e-01
6.962890625000000000e-01
7.314453125000000000e-01
7.216796875000000000e-01
6.650390625000000000e-01
7.353515625000000000e-01
5.966796875000000000e-01
7.451171875000000000e-01
5.283203125000000000e-01
7.490234375000000000e-01
4.599609375000000000e-01
