1.708984375000000000e-01
4.863281250000000000e-01
1.787109375000000000e-01
5.644531250000000000e-01
1.884765625000000000e-01
6.386718750000000000e-01
2.031250000000000000e-01
7.109375000000000000e-01
2.373046875000000000e-01
7.802734375000000000e-01
2.919921875000000000e-01
8.320312500000000000e-01
3.574218750000000000e-01
8.730468750000000000e-01
4.316406250000000000e-01
8.994140625000000000e-01
5.029296875000000000e-01
9.042968750000000000e-01
5.654296875000000000e-01
8.906250000000000000e-01
6.162109375000000000e-01
8.535156250000000000e-01
6.572265625000000000e-01
8.027343750000000000e-01
6.875000000000000000e-01
7.480468750000000000e-01
7.031250000000000000e-01
6.865234375000000000e-01
7.109375000000000000e-01
6.240234375000000000e-01
7.167968750000000000e-01
5.673828125000000000e-01
7.187500000000000000e-01
5.048828125000000000e-01
