1.279296875000000000e-01
4.853515625000000000e-01
1.416015625000000000e-01
5.673828125000000000e-01
1.572265625000000000e-01
6.455078125000000000e-01
1.796875000000000000e-01
7.207031250000000000e-01
2.226562500000000000e-01
7.861328125000000000e-01
2.861328125000000000e-01
8.330078125000000000e-01
3.623046875000000000e-01
8.642578125000000000e-01
4.384765625000000000e-01
8.847656250000000000e-01
5.107421875000000000e-01
8.876953125000000000e-01
5.732421875000000000e-01
8.720703125000000000e-01
6.210937500000000000e-01
8.388671875000000000e-01
6.689453125000000000e-01
7.978515625000000000e-01
7.031250000000000000e-01
7.451171875000000000e-01
7.226562500000000000e-01
6.816406250000000000e-01
7.285156250000000000e-01
6.162109375000000000e-01
7.294921875000000000e-01
5.517578125000000000e-01
7.285156250000000000e-01
4.853515625000000000e-01
