2.207031250000000000e-01
4.482421875000000000e-01
2.275390625000000000e-01
5.234375000000000000e-01
2.441406250000000000e-01
5.986328125000000000e-01
2.626953125000000000e-01
6.728515625000000000e-01
2.919921875000000000e-01
7.402343750000000000e-01
3.349609375000000000e-01
8.007812500000000000e-01
3.847656250000000000e-01
8.535156250000000000e-01
4.433593750000000000e-01
8.906250000000000000e-01
5.058593750000000000e-01
9.003906250000000000e-01
5.664062500000000000e-01
8.857421875000000000e-01
6.181640625000000000e-01
8.427734375000000000e-01
6.621093750000000000e-01
7.890625000000000000e-01
6.982421875000000000e-01
7.294921875000000000e-01
7.187500000000000000e-01
6.601562500000000000e-01
7.333984375000000000e-01
5.878906250000000000e-01
7.480468750000000000e-01
5.166015625000000000e-01
7.529296875000000000e-01
4.423828125000000000e-01
