2.109375000000000000e-01
4.912109375000000000e-01
2.167968750000000000e-01
5.634765625000000000e-01
2.265625000000000000e-01
6.337890625000000000e-01
2.402343750000000000e-01
7.050781250000000000e-01
2.636718750000000000e-01
7.705078125000000000e-01
3.027343750000000000e-01
8.251953125000000000e-01
3.574218750000000000e-01
8.720703125000000000e-01
4.218750000000000000e-01
9.062500000000000000e-01
4.931640625000000000e-01
9.160156250000000000e-01
5.644531250000000000e-01
9.013671875000000000e-01
6.298828125000000000e-01
8.652343750000000000e-01
6.875000000000000000e-01
8.203125000000000000e-01
7.275390625000000000e-01
7.646484375000000000e-01
7.500000000000000000e-01
7.001953125000000000e-01
7.636718750000000000e-01
6.298828125000000000e-01
7.734375000000000000e-01
5.605468750000000000e-01
7.802734375000000000e-01
4.921875000000000000e-01
