1.992187500000000000e-01
5.068359375000000000e-01
1.992187500000000000e-01
5.820312500000000000e-01
2.050781250000000000e-01
6.572265625000000000e-01
2.226562500000000000e-01
7.314453125000000000e-01
2.607421875000000000e-01
7.958984375000000000e-01
3.134765625000000000e-01
8.476562500000000000e-01
3.740234375000000000e-01
8.906250000000000000e-01
4.394531250000000000e-01
9.257812500000000000e-01
5.048828125000000000e-01
9.345703125000000000e-01
5.644531250000000000e-01
9.160156250000000000e-01
6.113281250000000000e-01
8.642578125000000000e-01
6.572265625000000000e-01
8.115234375000000000e-01
6.972656250000000000e-01
7.519531250000000000e-01
7.207031250000000000e-01
6.835937500000000000e-01
7.324218750000000000e-01
6.162109375000000000e-01
7.373046875000000000e-01
5.498046875000000000e-01
7.314453125000000000e-01
4.843750000000000000e-01
