2.617187500000000000e-01
4.707031250000000000e-01
2.578125000000000000e-01
5.371093750000000000e-01
2.607421875000000000e-01
6.025390625000000000e-01
2.724609375000000000e-01
6.679687500000000000e-01
2.939453125000000000e-01
7.324218750000000000e-01
3.310546875000000000e-01
7.871093750000000000e-01
3.789062500000000000e-01
8.398437500000000000e-01
4.316406250000000000e-01
8.867187500000000000e-01
4.931640625000000000e-01
9.062500000000000000e-01
5.615234375000000000e-01
8.994140625000000000e-01
6.347656250000000000e-01
8.681640625000000000e-01
7.031250000000000000e-01
8.232421875000000000e-01
7.607421875000000000e-01
7.646484375000000000e-01
7.949218750000000000e-01
6.933593750000000000e-01
8.095703125000000000e-01
6.142578125000000000e-01
8.203125000000000000e-01
5.371093750000000000e-01
8.261718750000000000e-01
4.589843750000000000e-01
