2.304687500000000000e-01
5.146484375000000000e-01
2.275390625000000000e-01
5.810546875000000000e-01
2.304687500000000000e-01
6.503906250000000000e-01
2.412109375000000000e-01
7.226562500000000000e-01
2.636718750000000000e-01
7.880859375000000000e-01
3.085937500000000000e-01
8.447265625000000000e-01
3.642578125000000000e-01
8.906250000000000000e-01
4.267578125000000000e-01
9.287109375000000000e-01
5.009765625000000000e-01
9.414062500000000000e-01
5.751953125000000000e-01
9.267578125000000000e-01
6.386718750000000000e-01
8.896484375000000000e-01
6.962890625000000000e-01
8.476562500000000000e-01
7.421875000000000000e-01
7.939453125000000000e-01
7.685546875000000000e-01
7.275390625000000000e-01
7.792968750000000000e-01
6.552734375000000000e-01
7.832031250000000000e-01
5.839843750000000000e-01
7.851562500000000000e-01
5.117187500000000000e-01
