1.923828125000000000e-01
4.931640625000000000e-01
1.982421875000000000e-01
5.693359375000000000e-01
2.099609375000000000e-01
6.455078125000000000e-01
2.265625000000000000e-01
7.207031250000000000e-01
2.578125000000000000e-01
7.910156250000000000e-01
3.085937500000000000e-01
8.476562500000000000e-01
3.701171875000000000e-01
8.955078125000000000e-01
4.384765625000000000e-01
9.306640625000000000e-01
5.078125000000000000e-01
9.384765625000000000e-01
5.742187500000000000e-01
9.189453125000000000e-01
6.347656250000000000e-01
8.750000000000000000e-01
6.865234375000000000e-01
8.222656250000000000e-01
7.236328125000000000e-01
7.626953125000000000e-01
7.431640625000000000e-01
6.943359375000000000e-01
7.539062500000000000e-01
6.240234375000000000e-01
7.617187500000000000e-01
5.556640625000000000e-01
7.578125000000000000e-01
4.882812500000000000e-01
