2.246093750000000000e-01
5.244140625000000000e-01
2.275390625000000000e-01
5.888671875000000000e-01
2.363281250000000000e-01
6.523437500000000000e-01
2.480468750000000000e-01
7.167968750000000000e-01
2.695312500000000000e-01
7.802734375000000000e-01
3.105468750000000000e-01
8.359375000000000000e-01
3.642578125000000000e-01
8.818359375000000000e-01
4.267578125000000000e-01
9.208984375000000000e-01
5.029296875000000000e-01
9.326171875000000000e-01
5.791015625000000000e-01
9.199218750000000000e-01
6.406250000000000000e-01
8.808593750000000000e-01
6.923828125000000000e-01
8.369140625000000000e-01
7.314453125000000000e-01
7.822265625000000000e-01
7.519531250000000000e-01
7.158203125000000000e-01
7.607421875000000000e-01
6.494140625000000000e-01
7.675781250000000000e-01
5.859375000000000000e-01
7.705078125000000000e-01
5.205078125000000000e-01
