1.298828125000000000e-01
4.355468750000000000e-01
1.416015625000000000e-01
5.175781250000000000e-01
1.572265625000000000e-01
5.996093750000000000e-01
1.787109375000000000e-01
6.767578125000000000e-01
2.207031250000000000e-01
7.431640625000000000e-01
2.832031250000000000e-01
7.910156250000000000e-01
3.603515625000000000e-01
8.222656250000000000e-01
4.326171875000000000e-01
8.496093750000000000e-01
4.941406250000000000e-01
8.603515625000000000e-01
5.488281250000000000e-01
8.457031250000000000e-01
6.054687500000000000e-01
8.105468750000000000e-01
6.650390625000000000e-01
7.744140625000000000e-01
7.119140625000000000e-01
7.275390625000000000e-01
7.402343750000000000e-01
6.650390625000000000e-01
7.558593750000000000e-01
5.966796875000000000e-01
7.666015625000000000e-01
5.283203125000000000e-01
7.714843750000000000e-01
4.580078125000000000e-01
