2.187500000000000000e-01
4.765625000000000000e-01
2.236328125000000000e-01
5.458984375000000000e-01
2.324218750000000000e-01
6.152343750000000000e-01
2.460937500000000000e-01
6.865234375000000000e-01
2.705078125000000000e-01
7.548828125000000000e-01
3.125000000000000000e-01
8.144531250000000000e-01
3.652343750000000000e-01
8.710937500000000000e-01
4.296875000000000000e-01
9.130859375000000000e-01
5.039062500000000000e-01
9.248046875000000000e-01
5.791015625000000000e-01
9.130859375000000000e-01
6.455078125000000000e-01
8.691406250000000000e-01
6.992187500000000000e-01
8.154296875000000000e-01
7.382812500000000000e-01
7.539062500000000000e-01
7.587890625000000000e-01
6.865234375000000000e-01
7.705078125000000000e-01
6.191406250000000000e-01
7.763671875000000000e-01
5.478515625000000000e-01
7.792968750000000000e-01
4.804687500000000000e-01
