2.568359375000000000e-01
4.824218750000000000e-01
2.519531250000000000e-01
5.458984375000000000e-01
2.529296875000000000e-01
6.113281250000000000e-01
2.519531250000000000e-01
6.826171875000000000e-01
2.617187500000000000e-01
7.558593750000000000e-01
2.929687500000000000e-01
8.222656250000000000e-01
3.408203125000000000e-01
8.789062500000000000e-01
4.013671875000000000e-01
9.248046875000000000e-01
4.755859375000000000e-01
9.384765625000000000e-01
5.566406250000000000e-01
9.287109375000000000e-01
6.376953125000000000e-01
8.964843750000000000e-01
7.109375000000000000e-01
8.515625000000000000e-01
7.705078125000000000e-01
7.939453125000000000e-01
8.037109375000000000e-01
7.216796875000000000e-01
8.193359375000000000e-01
6.455078125000000000e-01
8.251953125000000000e-01
5.683593750000000000e-01
8.310546875000000000e-01
4.882812500000000000e-01
