1.728515625000000000e-01
4.482421875000000000e-01
1.855468750000000000e-01
5.292968750000000000e-01
2.031250000000000000e-01
6.083984375000000000e-01
2.255859375000000000e-01
6.826171875000000000e-01
2.558593750000000000e-01
7.519531250000000000e-01
3.017578125000000000e-01
8.076171875000000000e-01
3.632812500000000000e-01
8.476562500000000000e-01
4.296875000000000000e-01
8.779296875000000000e-01
4.960937500000000000e-01
8.876953125000000000e-01
5.585937500000000000e-01
8.710937500000000000e-01
6.132812500000000000e-01
8.339843750000000000e-01
6.660156250000000000e-01
7.900390625000000000e-01
7.080078125000000000e-01
7.353515625000000000e-01
7.363281250000000000e-01
6.708984375000000000e-01
7.519531250000000000e-01
5.986328125000000000e-01
7.626953125000000000e-01
5.263671875000000000e-01
7.695312500000000000e-01
4.531250000000000000e-01
