1.484375000000000000e-01
4.863281250000000000e-01
1.533203125000000000e-01
5.644531250000000000e-01
1.601562500000000000e-01
6.435546875000000000e-01
1.748046875000000000e-01
7.216796875000000000e-01
2.070312500000000000e-01
7.929687500000000000e-01
2.666015625000000000e-01
8.515625000000000000e-01
3.457031250000000000e-01
8.876953125000000000e-01
4.326171875000000000e-01
9.101562500000000000e-01
5.156250000000000000e-01
9.130859375000000000e-01
5.898437500000000000e-01
8.974609375000000000e-01
6.523437500000000000e-01
8.593750000000000000e-01
7.011718750000000000e-01
8.105468750000000000e-01
7.304687500000000000e-01
7.500000000000000000e-01
7.431640625000000000e-01
6.816406250000000000e-01
7.490234375000000000e-01
6.142578125000000000e-01
7.490234375000000000e-01
5.507812500000000000e-01
7.412109375000000000e-01
4.882812500000000000e-01
