2.265625000000000000e-01
4.882812500000000000e-01
2.275390625000000000e-01
5.566406250000000000e-01
2.324218750000000000e-01
6.230468750000000000e-01
2.421875000000000000e-01
6.904296875000000000e-01
2.636718750000000000e-01
7.568359375000000000e-01
3.046875000000000000e-01
8.125000000000000000e-01
3.583984375000000000e-01
8.603515625000000000e-01
4.199218750000000000e-01
9.033203125000000000e-01
4.931640625000000000e-01
9.160156250000000000e-01
5.693359375000000000e-01
9.062500000000000000e-01
6.396484375000000000e-01
8.730468750000000000e-01
7.011718750000000000e-01
8.300781250000000000e-01
7.500000000000000000e-01
7.744140625000000000e-01
7.773437500000000000e-01
7.060546875000000000e-01
7.880859375000000000e-01
6.337890625000000000e-01
7.939453125000000000e-01
5.644531250000000000e-01
7.988281250000000000e-01
4.921875000000000000e-01
