2.207031250000000000e-01
4.707031250000000000e-01
2.275390625000000000e-01
5.439453125000000000e-01
2.382812500000000000e-01
6.152343750000000000e-01
2.509765625000000000e-01
6.835937500000000000e-01
2.753906250000000000e-01
7.490234375000000000e-01
3.154296875000000000e-01
8.056640625000000000e-01
3.671875000000000000e-01
8.544921875000000000e-01
4.277343750000000000e-01
8.945312500000000000e-01
4.951171875000000000e-01
9.101562500000000000e-01
5.664062500000000000e-01
9.003906250000000000e-01
6.357421875000000000e-01
8.642578125000000000e-01
6.982421875000000000e-01
8.183593750000000000e-01
7.470703125000000000e-01
7.636718750000000000e-01
7.783203125000000000e-01
6.962890625000000000e-01
7.949218750000000000e-01
6.230468750000000000e-01
8.076171875000000000e-01
5.488281250000000000e-01
8.164062500000000000e-01
4.726562500000000000e-01
