2.431640625000000000e-01
4.716796875000000000e-01
2.431640625000000000e-01
5.449218750000000000e-01
2.480468750000000000e-01
6.181640625000000000e-01
2.587890625000000000e-01
6.894531250000000000e-01
2.841796875000000000e-01
7.539062500000000000e-01
3.281250000000000000e-01
8.105468750000000000e-01
3.828125000000000000e-01
8.593750000000000000e-01
4.404296875000000000e-01
9.003906250000000000e-01
5.009765625000000000e-01
9.130859375000000000e-01
5.615234375000000000e-01
9.003906250000000000e-01
6.191406250000000000e-01
8.603515625000000000e-01
6.728515625000000000e-01
8.125000000000000000e-01
7.148437500000000000e-01
7.568359375000000000e-01
7.431640625000000000e-01
6.923828125000000000e-01
7.578125000000000000e-01
6.240234375000000000e-01
7.675781250000000000e-01
5.546875000000000000e-01
7.695312500000000000e-01
4.824218750000000000e-01
