2.304687500000000000e-01
4.902343750000000000e-01
2.314453125000000000e-01
5.585937500000000000e-01
2.402343750000000000e-01
6.279296875000000000e-01
2.509765625000000000e-01
6.962890625000000000e-01
2.695312500000000000e-01
7.636718750000000000e-01
3.076171875000000000e-01
8.212890625000000000e-01
3.632812500000000000e-01
8.671875000000000000e-01
4.277343750000000000e-01
9.003906250000000000e-01
4.980468750000000000e-01
9.101562500000000000e-01
5.703125000000000000e-01
8.974609375000000000e-01
6.376953125000000000e-01
8.642578125000000000e-01
6.982421875000000000e-01
8.212890625000000000e-01
7.431640625000000000e-01
7.675781250000000000e-01
7.675781250000000000e-01
7.021484375000000000e-01
7.802734375000000000e-01
6.318359375000000000e-01
7.861328125000000000e-01
5.625000000000000000e-01
7.861328125000000000e-01
4.931640625000000000e-01
