2.460937500000000000e-01
4.609375000000000000e-01
2.470703125000000000e-01
5.380859375000000000e-01
2.548828125000000000e-01
6.123046875000000000e-01
2.675781250000000000e-01
6.884765625000000000e-01
2.968750000000000000e-01
7.607421875000000000e-01
3.447265625000000000e-01
8.232421875000000000e-01
3.955078125000000000e-01
8.808593750000000000e-01
4.472656250000000000e-01
9.335937500000000000e-01
5.058593750000000000e-01
9.550781250000000000e-01
5.693359375000000000e-01
9.443359375000000000e-01
6.308593750000000000e-01
9.052734375000000000e-01
6.943359375000000000e-01
8.583984375000000000e-01
7.578125000000000000e-01
7.998046875000000000e-01
8.027343750000000000e-01
7.285156250000000000e-01
8.242187500000000000e-01
6.455078125000000000e-01
8.369140625000000000e-01
5.585937500000000000e-01
8.437500000000000000e-01
4.677734375000000000e-01
