1.826171875000000000e-01
4.550781250000000000e-01
1.884765625000000000e-01
5.341796875000000000e-01
1.992187500000000000e-01
6.142578125000000000e-01
2.167968750000000000e-01
6.914062500000000000e-01
2.460937500000000000e-01
7.636718750000000000e-01
2.958984375000000000e-01
8.232421875000000000e-01
3.583984375000000000e-01
8.710937500000000000e-01
4.287109375000000000e-01
9.062500000000000000e-01
5.000000000000000000e-01
9.101562500000000000e-01
5.654296875000000000e-01
8.964843750000000000e-01
6.220703125000000000e-01
8.564453125000000000e-01
6.699218750000000000e-01
8.017578125000000000e-01
7.070312500000000000e-01
7.421875000000000000e-01
7.265625000000000000e-01
6.728515625000000000e-01
7.412109375000000000e-01
6.035156250000000000e-01
7.529296875000000000e-01
5.341796875000000000e-01
7.597656250000000000e-01
4.648437500000000000e-01
