1.728515625000000000e-01
4.824218750000000000e-01
1.845703125000000000e-01
5.605468750000000000e-01
2.011718750000000000e-01
6.328125000000000000e-01
2.226562500000000000e-01
7.031250000000000000e-01
2.587890625000000000e-01
7.675781250000000000e-01
3.095703125000000000e-01
8.193359375000000000e-01
3.730468750000000000e-01
8.583984375000000000e-01
4.355468750000000000e-01
8.876953125000000000e-01
4.970703125000000000e-01
8.945312500000000000e-01
5.537109375000000000e-01
8.779296875000000000e-01
6.083984375000000000e-01
8.408203125000000000e-01
6.650390625000000000e-01
8.017578125000000000e-01
7.099609375000000000e-01
7.519531250000000000e-01
7.343750000000000000e-01
6.865234375000000000e-01
7.460937500000000000e-01
6.181640625000000000e-01
7.568359375000000000e-01
5.507812500000000000e-01
7.666015625000000000e-01
4.794921875000000000e-01
