2.500000000000000000e-01
4.824218750000000000e-01
2.490234375000000000e-01
5.498046875000000000e-01
2.539062500000000000e-01
6.171875000000000000e-01
2.636718750000000000e-01
6.855468750000000000e-01
2.832031250000000000e-01
7.548828125000000000e-01
3.173828125000000000e-01
8.134765625000000000e-01
3.642578125000000000e-01
8.662109375000000000e-01
4.208984375000000000e-01
9.091796875000000000e-01
4.931640625000000000e-01
9.238281250000000000e-01
5.722656250000000000e-01
9.160156250000000000e-01
6.533203125000000000e-01
8.847656250000000000e-01
7.285156250000000000e-01
8.417968750000000000e-01
7.900390625000000000e-01
7.861328125000000000e-01
8.261718750000000000e-01
7.148437500000000000e-01
8.408203125000000000e-01
6.357421875000000000e-01
8.457031250000000000e-01
5.566406250000000000e-01
8.515625000000000000e-01
4.785156250000000000e-01
