2.246093750000000000e-01
4.531250000000000000e-01
2.294921875000000000e-01
5.292968750000000000e-01
2.392578125000000000e-01
6.064453125000000000e-01
2.519531250000000000e-01
6.816406250000000000e-01
2.753906250000000000e-01
7.539062500000000000e-01
3.164062500000000000e-01
8.183593750000000000e-01
3.671875000000000000e-01
8.779296875000000000e-01
4.287109375000000000e-01
9.267578125000000000e-01
5.009765625000000000e-01
9.414062500000000000e-01
5.761718750000000000e-01
9.287109375000000000e-01
6.386718750000000000e-01
8.828125000000000000e-01
6.933593750000000000e-01
8.271484375000000000e-01
7.373046875000000000e-01
7.636718750000000000e-01
7.636718750000000000e-01
6.904296875000000000e-01
7.773437500000000000e-01
6.132812500000000000e-01
7.851562500000000000e-01
5.361328125000000000e-01
7.890625000000000000e-01
4.580078125000000000e-01
