2.431640625000000000e-01
4.902343750000000000e-01
2.441406250000000000e-01
5.576171875000000000e-01
2.500000000000000000e-01
6.259765625000000000e-01
2.626953125000000000e-01
6.962890625000000000e-01
2.822265625000000000e-01
7.666015625000000000e-01
3.193359375000000000e-01
8.310546875000000000e-01
3.691406250000000000e-01
8.857421875000000000e-01
4.267578125000000000e-01
9.306640625000000000e-01
4.951171875000000000e-01
9.462890625000000000e-01
5.673828125000000000e-01
9.365234375000000000e-01
6.367187500000000000e-01
8.994140625000000000e-01
7.011718750000000000e-01
8.535156250000000000e-01
7.529296875000000000e-01
7.949218750000000000e-01
7.832031250000000000e-01
7.265625000000000000e-01
7.988281250000000000e-01
6.494140625000000000e-01
8.046875000000000000e-01
5.722656250000000000e-01
8.095703125000000000e-01
4.970703125000000000e-01
