2.421875000000000000e-01
4.746093750000000000e-01
2.460937500000000000e-01
5.468750000000000000e-01
2.539062500000000000e-01
6.142578125000000000e-01
2.617187500000000000e-01
6.826171875000000000e-01
2.841796875000000000e-01
7.460937500000000000e-01
3.261718750000000000e-01
7.929687500000000000e-01
3.818359375000000000e-01
8.271484375000000000e-01
4.394531250000000000e-01
8.583984375000000000e-01
4.990234375000000000e-01
8.730468750000000000e-01
5.634765625000000000e-01
8.652343750000000000e-01
6.357421875000000000e-01
8.417968750000000000e-01
7.089843750000000000e-01
8.115234375000000000e-01
7.695312500000000000e-01
7.626953125000000000e-01
8.066406250000000000e-01
6.962890625000000000e-01
8.271484375000000000e-01
6.220703125000000000e-01
8.417968750000000000e-01
5.419921875000000000e-01
8.535156250000000000e-01
4.609375000000000000e-01
