1.728515625000000000e-01
5.068359375000000000e-01
1.728515625000000000e-01
5.830078125000000000e-01
1.796875000000000000e-01
6.611328125000000000e-01
1.953125000000000000e-01
7.412109375000000000e-01
2.304687500000000000e-01
8.134765625000000000e-01
2.871093750000000000e-01
8.759765625000000000e-01
3.583984375000000000e-01
9.218750000000000000e-01
4.355468750000000000e-01
9.560546875000000000e-01
5.068359375000000000e-01
9.667968750000000000e-01
5.722656250000000000e-01
9.433593750000000000e-01
6.269531250000000000e-01
8.906250000000000000e-01
6.748046875000000000e-01
8.320312500000000000e-01
7.138671875000000000e-01
7.675781250000000000e-01
7.363281250000000000e-01
6.992187500000000000e-01
7.490234375000000000e-01
6.279296875000000000e-01
7.500000000000000000e-01
5.595703125000000000e-01
7.392578125000000000e-01
4.931640625000000000e-01
