2.109375000000000000e-01
4.980468750000000000e-01
2.167968750000000000e-01
5.673828125000000000e-01
2.265625000000000000e-01
6.357421875000000000e-01
2.373046875000000000e-01
7.070312500000000000e-01
2.607421875000000000e-01
7.724609375000000000e-01
3.037109375000000000e-01
8.271484375000000000e-01
3.652343750000000000e-01
8.691406250000000000e-01
4.316406250000000000e-01
9.042968750000000000e-01
5.019531250000000000e-01
9.169921875000000000e-01
5.703125000000000000e-01
9.023437500000000000e-01
6.328125000000000000e-01
8.652343750000000000e-01
6.894531250000000000e-01
8.222656250000000000e-01
7.275390625000000000e-01
7.685546875000000000e-01
7.490234375000000000e-01
7.041015625000000000e-01
7.568359375000000000e-01
6.347656250000000000e-01
7.656250000000000000e-01
5.693359375000000000e-01
7.695312500000000000e-01
5.019531250000000000e-01
