2.294921875000000000e-01
4.462890625000000000e-01
2.373046875000000000e-01
5.195312500000000000e-01
2.500000000000000000e-01
5.898437500000000000e-01
2.636718750000000000e-01
6.611328125000000000e-01
2.871093750000000000e-01
7.265625000000000000e-01
3.310546875000000000e-01
7.802734375000000000e-01
3.818359375000000000e-01
8.271484375000000000e-01
4.365234375000000000e-01
8.681640625000000000e-01
4.970703125000000000e-01
8.818359375000000000e-01
5.576171875000000000e-01
8.710937500000000000e-01
6.162109375000000000e-01
8.339843750000000000e-01
6.728515625000000000e-01
7.890625000000000000e-01
7.236328125000000000e-01
7.353515625000000000e-01
7.548828125000000000e-01
6.699218750000000000e-01
7.714843750000000000e-01
5.947265625000000000e-01
7.822265625000000000e-01
5.175781250000000000e-01
7.890625000000000000e-01
4.404296875000000000e-01
