1.835937500000000000e-01
4.687500000000000000e-01
1.962890625000000000e-01
5.449218750000000000e-01
2.138671875000000000e-01
6.152343750000000000e-01
2.304687500000000000e-01
6.845703125000000000e-01
2.607421875000000000e-01
7.451171875000000000e-01
3.056640625000000000e-01
7.919921875000000000e-01
3.642578125000000000e-01
8.261718750000000000e-01
4.267578125000000000e-01
8.505859375000000000e-01
4.892578125000000000e-01
8.603515625000000000e-01
5.498046875000000000e-01
8.466796875000000000e-01
6.044921875000000000e-01
8.193359375000000000e-01
6.552734375000000000e-01
7.822265625000000000e-01
6.972656250000000000e-01
7.373046875000000000e-01
7.255859375000000000e-01
6.787109375000000000e-01
7.402343750000000000e-01
6.132812500000000000e-01
7.558593750000000000e-01
5.468750000000000000e-01
7.705078125000000000e-01
4.755859375000000000e-01
