2.207031250000000000e-01
5.244140625000000000e-01
2.226562500000000000e-01
5.986328125000000000e-01
2.294921875000000000e-01
6.708984375000000000e-01
2.431640625000000000e-01
7.412109375000000000e-01
2.705078125000000000e-01
8.056640625000000000e-01
3.125000000000000000e-01
8.623046875000000000e-01
3.652343750000000000e-01
9.091796875000000000e-01
4.257812500000000000e-01
9.433593750000000000e-01
4.931640625000000000e-01
9.570312500000000000e-01
5.615234375000000000e-01
9.433593750000000000e-01
6.220703125000000000e-01
9.062500000000000000e-01
6.728515625000000000e-01
8.583984375000000000e-01
7.148437500000000000e-01
8.007812500000000000e-01
7.412109375000000000e-01
7.353515625000000000e-01
7.539062500000000000e-01
6.621093750000000000e-01
7.636718750000000000e-01
5.908203125000000000e-01
7.685546875000000000e-01
5.195312500000000000e-01
