2.460937500000000000e-01
4.931640625000000000e-01
2.519531250000000000e-01
5.605468750000000000e-01
2.636718750000000000e-01
6.269531250000000000e-01
2.734375000000000000e-01
6.953125000000000000e-01
2.929687500000000000e-01
7.587890625000000000e-01
3.271484375000000000e-01
8.164062500000000000e-01
3.720703125000000000e-01
8.691406250000000000e-01
4.296875000000000000e-01
9.101562500000000000e-01
4.990234375000000000e-01
9.228515625000000000e-01
5.693359375000000000e-01
9.111328125000000000e-01
6.259765625000000000e-01
8.710937500000000000e-01
6.718750000000000000e-01
8.203125000000000000e-01
7.070312500000000000e-01
7.636718750000000000e-01
7.275390625000000000e-01
6.992187500000000000e-01
7.412109375000000000e-01
6.318359375000000000e-01
7.548828125000000000e-01
5.654296875000000000e-01
7.626953125000000000e-01
4.970703125000000000e-01
