2.011718750000000000e-01
4.833984375000000000e-01
2.070312500000000000e-01
5.625000000000000000e-01
2.167968750000000000e-01
6.416015625000000000e-01
2.285156250000000000e-01
7.177734375000000000e-01
2.578125000000000000e-01
7.900390625000000000e-01
3.076171875000000000e-01
8.525390625000000000e-01
3.681640625000000000e-01
9.052734375000000000e-01
4.335937500000000000e-01
9.482421875000000000e-01
5.029296875000000000e-01
9.599609375000000000e-01
5.722656250000000000e-01
9.443359375000000000e-01
6.347656250000000000e-01
8.945312500000000000e-01
6.914062500000000000e-01
8.398437500000000000e-01
7.373046875000000000e-01
7.773437500000000000e-01
7.607421875000000000e-01
7.060546875000000000e-01
7.675781250000000000e-01
6.308593750000000000e-01
7.734375000000000000e-01
5.546875000000000000e-01
7.734375000000000000e-01
4.814453125000000000e-01
