2.500000000000000000e-01
4.775390625000000000e-01
2.539062500000000000e-01
5.429687500000000000e-01
2.646484375000000000e-01
6.093750000000000000e-01
2.783203125000000000e-01
6.738281250000000000e-01
3.007812500000000000e-01
7.382812500000000000e-01
3.388671875000000000e-01
7.929687500000000000e-01
3.857421875000000000e-01
8.447265625000000000e-01
4.394531250000000000e-01
8.876953125000000000e-01
5.029296875000000000e-01
9.033203125000000000e-01
5.722656250000000000e-01
8.925781250000000000e-01
6.376953125000000000e-01
8.603515625000000000e-01
6.982421875000000000e-01
8.173828125000000000e-01
7.451171875000000000e-01
7.626953125000000000e-01
7.714843750000000000e-01
6.982421875000000000e-01
7.851562500000000000e-01
6.250000000000000000e-01
7.939453125000000000e-01
5.517578125000000000e-01
7.988281250000000000e-01
4.785156250000000000e-01
