2.207031250000000000e-01
4.570312500000000000e-01
2.324218750000000000e-01
5.312500000000000000e-01
2.490234375000000000e-01
6.005859375000000000e-01
2.626953125000000000e-01
6.699218750000000000e-01
2.890625000000000000e-01
7.353515625000000000e-01
3.320312500000000000e-01
7.880859375000000000e-01
3.876953125000000000e-01
8.281250000000000000e-01
4.443359375000000000e-01
8.613281250000000000e-01
5.048828125000000000e-01
8.710937500000000000e-01
5.654296875000000000e-01
8.583984375000000000e-01
6.269531250000000000e-01
8.261718750000000000e-01
6.845703125000000000e-01
7.851562500000000000e-01
7.294921875000000000e-01
7.343750000000000000e-01
7.597656250000000000e-01
6.699218750000000000e-01
7.753906250000000000e-01
5.996093750000000000e-01
7.919921875000000000e-01
5.283203125000000000e-01
8.037109375000000000e-01
4.501953125000000000e-01
