2.558593750000000000e-01
4.550781250000000000e-01
2.636718750000000000e-01
5.224609375000000000e-01
2.744140625000000000e-01
5.859375000000000000e-01
2.871093750000000000e-01
6.494140625000000000e-01
3.154296875000000000e-01
7.041015625000000000e-01
3.583984375000000000e-01
7.480468750000000000e-01
4.052734375000000000e-01
7.880859375000000000e-01
4.511718750000000000e-01
8.291015625000000000e-01
5.039062500000000000e-01
8.437500000000000000e-01
5.576171875000000000e-01
8.339843750000000000e-01
6.123046875000000000e-01
7.968750000000000000e-01
6.650390625000000000e-01
7.548828125000000000e-01
7.099609375000000000e-01
7.060546875000000000e-01
7.421875000000000000e-01
6.484375000000000000e-01
7.617187500000000000e-01
5.830078125000000000e-01
7.753906250000000000e-01
5.146484375000000000e-01
7.841796875000000000e-01
4.404296875000000000e-01
