1.992187500000000000e-01
3.916015625000000000e-01
2.119140625000000000e-01
4.765625000000000000e-01
2.275390625000000000e-01
5.566406250000000000e-01
2.470703125000000000e-01
6.318359375000000000e-01
2.841796875000000000e-01
6.953125000000000000e-01
3.359375000000000000e-01
7.451171875000000000e-01
3.925781250000000000e-01
7.841796875000000000e-01
4.462890625000000000e-01
8.173828125000000000e-01
5.029296875000000000e-01
8.281250000000000000e-01
5.605468750000000000e-01
8.134765625000000000e-01
6.132812500000000000e-01
7.744140625000000000e-01
6.650390625000000000e-01
7.314453125000000000e-01
7.119140625000000000e-01
6.777343750000000000e-01
7.412109375000000000e-01
6.132812500000000000e-01
7.587890625000000000e-01
5.410156250000000000e-01
7.734375000000000000e-01
4.667968750000000000e-01
7.851562500000000000e-01
3.876953125000000000e-01
