1.503906250000000000e-01
4.824218750000000000e-01
1.533203125000000000e-01
5.703125000000000000e-01
1.601562500000000000e-01
6.572265625000000000e-01
1.787109375000000000e-01
7.441406250000000000e-01
2.226562500000000000e-01
8.212890625000000000e-01
2.871093750000000000e-01
8.847656250000000000e-01
3.603515625000000000e-01
9.335937500000000000e-01
4.384765625000000000e-01
9.628906250000000000e-01
5.117187500000000000e-01
9.667968750000000000e-01
5.732421875000000000e-01
9.394531250000000000e-01
6.201171875000000000e-01
8.818359375000000000e-01
6.640625000000000000e-01
8.212890625000000000e-01
7.021484375000000000e-01
7.587890625000000000e-01
7.275390625000000000e-01
6.884765625000000000e-01
7.392578125000000000e-01
6.162109375000000000e-01
7.392578125000000000e-01
5.458984375000000000e-01
7.285156250000000000e-01
4.775390625000000000e-01
