2.060546875000000000e-01
4.833984375000000000e-01
2.070312500000000000e-01
5.517578125000000000e-01
2.089843750000000000e-01
6.210937500000000000e-01
2.158203125000000000e-01
6.923828125000000000e-01
2.392578125000000000e-01
7.597656250000000000e-01
2.880859375000000000e-01
8.144531250000000000e-01
3.505859375000000000e-01
8.593750000000000000e-01
4.169921875000000000e-01
9.003906250000000000e-01
4.960937500000000000e-01
9.121093750000000000e-01
5.761718750000000000e-01
8.994140625000000000e-01
6.464843750000000000e-01
8.583984375000000000e-01
7.089843750000000000e-01
8.144531250000000000e-01
7.558593750000000000e-01
7.587890625000000000e-01
7.753906250000000000e-01
6.914062500000000000e-01
7.832031250000000000e-01
6.220703125000000000e-01
7.900390625000000000e-01
5.556640625000000000e-01
7.919921875000000000e-01
4.892578125000000000e-01
