2.666015625000000000e-01
4.931640625000000000e-01
2.597656250000000000e-01
5.566406250000000000e-01
2.666015625000000000e-01
6.191406250000000000e-01
2.753906250000000000e-01
6.816406250000000000e-01
2.900390625000000000e-01
7.441406250000000000e-01
3.222656250000000000e-01
7.998046875000000000e-01
3.710937500000000000e-01
8.466796875000000000e-01
4.277343750000000000e-01
8.857421875000000000e-01
4.921875000000000000e-01
9.013671875000000000e-01
5.615234375000000000e-01
8.935546875000000000e-01
6.259765625000000000e-01
8.652343750000000000e-01
6.835937500000000000e-01
8.242187500000000000e-01
7.255859375000000000e-01
7.695312500000000000e-01
7.509765625000000000e-01
7.050781250000000000e-01
7.666015625000000000e-01
6.367187500000000000e-01
7.783203125000000000e-01
5.693359375000000000e-01
7.802734375000000000e-01
4.990234375000000000e-01
