2.500000000000000000e-01
4.697265625000000000e-01
2.548828125000000000e-01
5.419921875000000000e-01
2.685546875000000000e-01
6.132812500000000000e-01
2.812500000000000000e-01
6.835937500000000000e-01
3.007812500000000000e-01
7.519531250000000000e-01
3.369140625000000000e-01
8.144531250000000000e-01
3.857421875000000000e-01
8.671875000000000000e-01
4.433593750000000000e-01
9.082031250000000000e-01
5.097656250000000000e-01
9.218750000000000000e-01
5.781250000000000000e-01
9.082031250000000000e-01
6.464843750000000000e-01
8.701171875000000000e-01
7.050781250000000000e-01
8.203125000000000000e-01
7.509765625000000000e-01
7.607421875000000000e-01
7.783203125000000000e-01
6.933593750000000000e-01
7.890625000000000000e-01
6.230468750000000000e-01
7.968750000000000000e-01
5.517578125000000000e-01
7.988281250000000000e-01
4.794921875000000000e-01
