2.353515625000000000e-01
4.521484375000000000e-01
2.421875000000000000e-01
5.244140625000000000e-01
2.529296875000000000e-01
5.927734375000000000e-01
2.666015625000000000e-01
6.591796875000000000e-01
2.939453125000000000e-01
7.197265625000000000e-01
3.388671875000000000e-01
7.714843750000000000e-01
3.876953125000000000e-01
8.154296875000000000e-01
4.365234375000000000e-01
8.574218750000000000e-01
4.941406250000000000e-01
8.769531250000000000e-01
5.527343750000000000e-01
8.662109375000000000e-01
6.083984375000000000e-01
8.320312500000000000e-01
6.630859375000000000e-01
7.910156250000000000e-01
7.119140625000000000e-01
7.392578125000000000e-01
7.441406250000000000e-01
6.767578125000000000e-01
7.626953125000000000e-01
6.064453125000000000e-01
7.783203125000000000e-01
5.351562500000000000e-01
7.880859375000000000e-01
4.609375000000000000e-01
