1.816406250000000000e-01
4.384765625000000000e-01
1.855468750000000000e-01
5.175781250000000000e-01
1.923828125000000000e-01
5.986328125000000000e-01
2.080078125000000000e-01
6.757812500000000000e-01
2.363281250000000000e-01
7.480468750000000000e-01
2.871093750000000000e-01
8.076171875000000000e-01
3.486328125000000000e-01
8.583984375000000000e-01
4.140625000000000000e-01
8.974609375000000000e-01
4.873046875000000000e-01
9.062500000000000000e-01
5.556640625000000000e-01
8.935546875000000000e-01
6.113281250000000000e-01
8.476562500000000000e-01
6.591796875000000000e-01
7.949218750000000000e-01
6.962890625000000000e-01
7.314453125000000000e-01
7.138671875000000000e-01
6.621093750000000000e-01
7.255859375000000000e-01
5.908203125000000000e-01
7.373046875000000000e-01
5.195312500000000000e-01
7.402343750000000000e-01
4.482421875000000000e-01
