2.089843750000000000e-01
4.316406250000000000e-01
2.148437500000000000e-01
5.156250000000000000e-01
2.226562500000000000e-01
5.947265625000000000e-01
2.363281250000000000e-01
6.708984375000000000e-01
2.695312500000000000e-01
7.392578125000000000e-01
3.203125000000000000e-01
7.968750000000000000e-01
3.740234375000000000e-01
8.476562500000000000e-01
4.326171875000000000e-01
8.945312500000000000e-01
4.970703125000000000e-01
9.082031250000000000e-01
5.605468750000000000e-01
8.945312500000000000e-01
6.171875000000000000e-01
8.457031250000000000e-01
6.708984375000000000e-01
7.949218750000000000e-01
7.216796875000000000e-01
7.392578125000000000e-01
7.568359375000000000e-01
6.718750000000000000e-01
7.695312500000000000e-01
5.957031250000000000e-01
7.744140625000000000e-01
5.185546875000000000e-01
7.753906250000000000e-01
4.394531250000000000e-01
