1.669921875000000000e-01
5.195312500000000000e-01
1.728515625000000000e-01
5.976562500000000000e-01
1.826171875000000000e-01
6.757812500000000000e-01
2.001953125000000000e-01
7.529296875000000000e-01
2.343750000000000000e-01
8.212890625000000000e-01
2.880859375000000000e-01
8.798828125000000000e-01
3.525390625000000000e-01
9.277343750000000000e-01
4.248046875000000000e-01
9.638671875000000000e-01
5.039062500000000000e-01
9.746093750000000000e-01
5.810546875000000000e-01
9.619140625000000000e-01
6.455078125000000000e-01
9.179687500000000000e-01
6.972656250000000000e-01
8.603515625000000000e-01
7.333984375000000000e-01
7.958984375000000000e-01
7.509765625000000000e-01
7.246093750000000000e-01
7.558593750000000000e-01
6.513671875000000000e-01
7.568359375000000000e-01
5.830078125000000000e-01
7.519531250000000000e-01
5.175781250000000000e-01
