2.402343750000000000e-01
4.560546875000000000e-01
2.441406250000000000e-01
5.322265625000000000e-01
2.539062500000000000e-01
6.074218750000000000e-01
2.666015625000000000e-01
6.816406250000000000e-01
2.890625000000000000e-01
7.509765625000000000e-01
3.281250000000000000e-01
8.115234375000000000e-01
3.759765625000000000e-01
8.632812500000000000e-01
4.296875000000000000e-01
9.072265625000000000e-01
4.931640625000000000e-01
9.257812500000000000e-01
5.595703125000000000e-01
9.140625000000000000e-01
6.250000000000000000e-01
8.779296875000000000e-01
6.855468750000000000e-01
8.330078125000000000e-01
7.363281250000000000e-01
7.773437500000000000e-01
7.714843750000000000e-01
7.119140625000000000e-01
7.900390625000000000e-01
6.357421875000000000e-01
8.027343750000000000e-01
5.566406250000000000e-01
8.125000000000000000e-01
4.726562500000000000e-01
