2.373046875000000000e-01
4.912109375000000000e-01
2.353515625000000000e-01
5.546875000000000000e-01
2.421875000000000000e-01
6.230468750000000000e-01
2.519531250000000000e-01
6.904296875000000000e-01
2.773437500000000000e-01
7.539062500000000000e-01
3.212890625000000000e-01
8.105468750000000000e-01
3.759765625000000000e-01
8.554687500000000000e-01
4.375000000000000000e-01
8.955078125000000000e-01
5.058593750000000000e-01
9.062500000000000000e-01
5.722656250000000000e-01
8.896484375000000000e-01
6.337890625000000000e-01
8.525390625000000000e-01
6.894531250000000000e-01
8.105468750000000000e-01
7.343750000000000000e-01
7.578125000000000000e-01
7.617187500000000000e-01
6.962890625000000000e-01
7.753906250000000000e-01
6.308593750000000000e-01
7.851562500000000000e-01
5.664062500000000000e-01
7.880859375000000000e-01
5.009765625000000000e-01
