2.041015625000000000e-01
4.863281250000000000e-01
2.128906250000000000e-01
5.595703125000000000e-01
2.255859375000000000e-01
6.279296875000000000e-01
2.382812500000000000e-01
6.982421875000000000e-01
2.646484375000000000e-01
7.617187500000000000e-01
3.085937500000000000e-01
8.105468750000000000e-01
3.642578125000000000e-01
8.476562500000000000e-01
4.257812500000000000e-01
8.779296875000000000e-01
4.902343750000000000e-01
8.876953125000000000e-01
5.546875000000000000e-01
8.740234375000000000e-01
6.132812500000000000e-01
8.417968750000000000e-01
6.669921875000000000e-01
8.027343750000000000e-01
7.119140625000000000e-01
7.548828125000000000e-01
7.392578125000000000e-01
6.923828125000000000e-01
7.529296875000000000e-01
6.240234375000000000e-01
7.675781250000000000e-01
5.556640625000000000e-01
7.802734375000000000e-01
4.814453125000000000e-01
