1.875000000000000000e-01
4.892578125000000000e-01
1.914062500000000000e-01
5.654296875000000000e-01
1.992187500000000000e-01
6.396484375000000000e-01
2.138671875000000000e-01
7.138671875000000000e-01
2.402343750000000000e-01
7.832031250000000000e-01
2.890625000000000000e-01
8.427734375000000000e-01
3.476562500000000000e-01
8.935546875000000000e-01
4.169921875000000000e-01
9.326171875000000000e-01
4.912109375000000000e-01
9.414062500000000000e-01
5.625000000000000000e-01
9.277343750000000000e-01
6.259765625000000000e-01
8.867187500000000000e-01
6.816406250000000000e-01
8.330078125000000000e-01
7.285156250000000000e-01
7.724609375000000000e-01
7.539062500000000000e-01
7.011718750000000000e-01
7.646484375000000000e-01
6.259765625000000000e-01
7.714843750000000000e-01
5.517578125000000000e-01
7.744140625000000000e-01
4.775390625000000000e-01
