2.001953125000000000e-01
4.892578125000000000e-01
2.138671875000000000e-01
5.615234375000000000e-01
2.314453125000000000e-01
6.308593750000000000e-01
2.509765625000000000e-01
6.982421875000000000e-01
2.773437500000000000e-01
7.617187500000000000e-01
3.164062500000000000e-01
8.173828125000000000e-01
3.691406250000000000e-01
8.574218750000000000e-01
4.296875000000000000e-01
8.857421875000000000e-01
4.960937500000000000e-01
8.955078125000000000e-01
5.654296875000000000e-01
8.818359375000000000e-01
6.240234375000000000e-01
8.535156250000000000e-01
6.787109375000000000e-01
8.125000000000000000e-01
7.167968750000000000e-01
7.578125000000000000e-01
7.421875000000000000e-01
6.933593750000000000e-01
7.568359375000000000e-01
6.250000000000000000e-01
7.675781250000000000e-01
5.556640625000000000e-01
7.783203125000000000e-01
4.853515625000000000e-01
