1.982421875000000000e-01
4.912109375000000000e-01
2.099609375000000000e-01
5.664062500000000000e-01
2.246093750000000000e-01
6.376953125000000000e-01
2.441406250000000000e-01
7.060546875000000000e-01
2.773437500000000000e-01
7.646484375000000000e-01
3.271484375000000000e-01
8.105468750000000000e-01
3.876953125000000000e-01
8.447265625000000000e-01
4.482421875000000000e-01
8.701171875000000000e-01
5.107421875000000000e-01
8.750000000000000000e-01
5.693359375000000000e-01
8.603515625000000000e-01
6.298828125000000000e-01
8.261718750000000000e-01
6.875000000000000000e-01
7.871093750000000000e-01
7.314453125000000000e-01
7.382812500000000000e-01
7.519531250000000000e-01
6.777343750000000000e-01
7.548828125000000000e-01
6.093750000000000000e-01
7.587890625000000000e-01
5.449218750000000000e-01
7.636718750000000000e-01
4.785156250000000000e-01
