2.470703125000000000e-01
5.078125000000000000e-01
2.519531250000000000e-01
5.761718750000000000e-01
2.617187500000000000e-01
6.416015625000000000e-01
2.724609375000000000e-01
7.080078125000000000e-01
2.871093750000000000e-01
7.705078125000000000e-01
3.193359375000000000e-01
8.281250000000000000e-01
3.642578125000000000e-01
8.769531250000000000e-01
4.218750000000000000e-01
9.140625000000000000e-01
4.960937500000000000e-01
9.267578125000000000e-01
5.761718750000000000e-01
9.199218750000000000e-01
6.523437500000000000e-01
8.916015625000000000e-01
7.177734375000000000e-01
8.496093750000000000e-01
7.675781250000000000e-01
7.939453125000000000e-01
7.919921875000000000e-01
7.226562500000000000e-01
8.027343750000000000e-01
6.464843750000000000e-01
8.095703125000000000e-01
5.742187500000000000e-01
8.173828125000000000e-01
4.960937500000000000e-01
