2.041015625000000000e-01
4.589843750000000000e-01
2.109375000000000000e-01
5.312500000000000000e-01
2.246093750000000000e-01
6.025390625000000000e-01
2.402343750000000000e-01
6.728515625000000000e-01
2.666015625000000000e-01
7.402343750000000000e-01
3.095703125000000000e-01
8.017578125000000000e-01
3.662109375000000000e-01
8.486328125000000000e-01
4.277343750000000000e-01
8.828125000000000000e-01
4.921875000000000000e-01
8.916015625000000000e-01
5.537109375000000000e-01
8.769531250000000000e-01
6.044921875000000000e-01
8.359375000000000000e-01
6.503906250000000000e-01
7.851562500000000000e-01
6.845703125000000000e-01
7.285156250000000000e-01
7.050781250000000000e-01
6.669921875000000000e-01
7.177734375000000000e-01
6.044921875000000000e-01
7.265625000000000000e-01
5.429687500000000000e-01
7.294921875000000000e-01
4.804687500000000000e-01
