1.943359375000000000e-01
4.755859375000000000e-01
2.011718750000000000e-01
5.556640625000000000e-01
2.148437500000000000e-01
6.318359375000000000e-01
2.265625000000000000e-01
7.080078125000000000e-01
2.529296875000000000e-01
7.792968750000000000e-01
2.998046875000000000e-01
8.398437500000000000e-01
3.574218750000000000e-01
8.916015625000000000e-01
4.248046875000000000e-01
9.326171875000000000e-01
5.009765625000000000e-01
9.423828125000000000e-01
5.751953125000000000e-01
9.277343750000000000e-01
6.357421875000000000e-01
8.779296875000000000e-01
6.904296875000000000e-01
8.232421875000000000e-01
7.343750000000000000e-01
7.626953125000000000e-01
7.587890625000000000e-01
6.933593750000000000e-01
7.675781250000000000e-01
6.191406250000000000e-01
7.753906250000000000e-01
5.468750000000000000e-01
7.773437500000000000e-01
4.687500000000000000e-01
