2.548828125000000000e-01
5.029296875000000000e-01
2.490234375000000000e-01
5.644531250000000000e-01
2.529296875000000000e-01
6.289062500000000000e-01
2.646484375000000000e-01
6.904296875000000000e-01
2.919921875000000000e-01
7.480468750000000000e-01
3.339843750000000000e-01
7.978515625000000000e-01
3.798828125000000000e-01
8.457031250000000000e-01
4.355468750000000000e-01
8.896484375000000000e-01
4.970703125000000000e-01
9.052734375000000000e-01
5.615234375000000000e-01
8.955078125000000000e-01
6.240234375000000000e-01
8.564453125000000000e-01
6.767578125000000000e-01
8.095703125000000000e-01
7.226562500000000000e-01
7.548828125000000000e-01
7.548828125000000000e-01
6.943359375000000000e-01
7.695312500000000000e-01
6.269531250000000000e-01
7.792968750000000000e-01
5.566406250000000000e-01
7.773437500000000000e-01
4.873046875000000000e-01
