2.343750000000000000e-01
4.921875000000000000e-01
2.343750000000000000e-01
5.585937500000000000e-01
2.392578125000000000e-01
6.250000000000000000e-01
2.470703125000000000e-01
6.923828125000000000e-01
2.705078125000000000e-01
7.519531250000000000e-01
3.134765625000000000e-01
8.017578125000000000e-01
3.681640625000000000e-01
8.427734375000000000e-01
4.238281250000000000e-01
8.779296875000000000e-01
4.912109375000000000e-01
8.886718750000000000e-01
5.576171875000000000e-01
8.789062500000000000e-01
6.181640625000000000e-01
8.476562500000000000e-01
6.738281250000000000e-01
8.085937500000000000e-01
7.177734375000000000e-01
7.597656250000000000e-01
7.451171875000000000e-01
7.001953125000000000e-01
7.587890625000000000e-01
6.337890625000000000e-01
7.666015625000000000e-01
5.673828125000000000e-01
7.695312500000000000e-01
4.990234375000000000e-01
