1.835937500000000000e-01
4.208984375000000000e-01
1.933593750000000000e-01
5.058593750000000000e-01
2.089843750000000000e-01
5.869140625000000000e-01
2.275390625000000000e-01
6.630859375000000000e-01
2.607421875000000000e-01
7.314453125000000000e-01
3.144531250000000000e-01
7.880859375000000000e-01
3.730468750000000000e-01
8.369140625000000000e-01
4.316406250000000000e-01
8.769531250000000000e-01
4.892578125000000000e-01
8.857421875000000000e-01
5.419921875000000000e-01
8.701171875000000000e-01
5.888671875000000000e-01
8.203125000000000000e-01
6.347656250000000000e-01
7.695312500000000000e-01
6.787109375000000000e-01
7.158203125000000000e-01
7.060546875000000000e-01
6.542968750000000000e-01
7.207031250000000000e-01
5.878906250000000000e-01
7.324218750000000000e-01
5.224609375000000000e-01
7.402343750000000000e-01
4.521484375000000000e-01
