2.373046875000000000e-01
5.087890625000000000e-01
2.382812500000000000e-01
5.810546875000000000e-01
2.460937500000000000e-01
6.513671875000000000e-01
2.548828125000000000e-01
7.226562500000000000e-01
2.763671875000000000e-01
7.900390625000000000e-01
3.115234375000000000e-01
8.486328125000000000e-01
3.632812500000000000e-01
8.974609375000000000e-01
4.238281250000000000e-01
9.355468750000000000e-01
4.960937500000000000e-01
9.482421875000000000e-01
5.693359375000000000e-01
9.365234375000000000e-01
6.376953125000000000e-01
9.013671875000000000e-01
6.982421875000000000e-01
8.544921875000000000e-01
7.451171875000000000e-01
7.988281250000000000e-01
7.724609375000000000e-01
7.324218750000000000e-01
7.861328125000000000e-01
6.582031250000000000e-01
7.958984375000000000e-01
5.859375000000000000e-01
8.027343750000000000e-01
5.117187500000000000e-01
