2.832031250000000000e-01
5.078125000000000000e-01
2.792968750000000000e-01
5.693359375000000000e-01
2.851562500000000000e-01
6.328125000000000000e-01
2.958984375000000000e-01
6.992187500000000000e-01
3.173828125000000000e-01
7.636718750000000000e-01
3.496093750000000000e-01
8.193359375000000000e-01
3.916015625000000000e-01
8.681640625000000000e-01
4.394531250000000000e-01
9.091796875000000000e-01
5.000000000000000000e-01
9.238281250000000000e-01
5.644531250000000000e-01
9.160156250000000000e-01
6.279296875000000000e-01
8.837890625000000000e-01
6.875000000000000000e-01
8.427734375000000000e-01
7.353515625000000000e-01
7.939453125000000000e-01
7.705078125000000000e-01
7.333984375000000000e-01
7.890625000000000000e-01
6.640625000000000000e-01
7.958984375000000000e-01
5.917968750000000000e-01
7.958984375000000000e-01
5.205078125000000000e-01
