2.519531250000000000e-01
4.755859375000000000e-01
2.617187500000000000e-01
5.449218750000000000e-01
2.753906250000000000e-01
6.103515625000000000e-01
2.861328125000000000e-01
6.757812500000000000e-01
3.066406250000000000e-01
7.382812500000000000e-01
3.447265625000000000e-01
7.871093750000000000e-01
3.955078125000000000e-01
8.232421875000000000e-01
4.501953125000000000e-01
8.574218750000000000e-01
5.068359375000000000e-01
8.710937500000000000e-01
5.693359375000000000e-01
8.613281250000000000e-01
6.357421875000000000e-01
8.310546875000000000e-01
7.001953125000000000e-01
7.949218750000000000e-01
7.529296875000000000e-01
7.451171875000000000e-01
7.841796875000000000e-01
6.826171875000000000e-01
8.027343750000000000e-01
6.113281250000000000e-01
8.173828125000000000e-01
5.400390625000000000e-01
8.300781250000000000e-01
4.658203125000000000e-01
