2.294921875000000000e-01
4.550781250000000000e-01
2.333984375000000000e-01
5.292968750000000000e-01
2.431640625000000000e-01
6.005859375000000000e-01
2.558593750000000000e-01
6.708984375000000000e-01
2.802734375000000000e-01
7.373046875000000000e-01
3.212890625000000000e-01
7.949218750000000000e-01
3.740234375000000000e-01
8.447265625000000000e-01
4.316406250000000000e-01
8.886718750000000000e-01
4.960937500000000000e-01
9.033203125000000000e-01
5.605468750000000000e-01
8.906250000000000000e-01
6.230468750000000000e-01
8.525390625000000000e-01
6.826171875000000000e-01
8.076171875000000000e-01
7.304687500000000000e-01
7.519531250000000000e-01
7.578125000000000000e-01
6.835937500000000000e-01
7.744140625000000000e-01
6.103515625000000000e-01
7.910156250000000000e-01
5.361328125000000000e-01
7.988281250000000000e-01
4.589843750000000000e-01
