2.451171875000000000e-01
5.039062500000000000e-01
2.451171875000000000e-01
5.703125000000000000e-01
2.529296875000000000e-01
6.386718750000000000e-01
2.626953125000000000e-01
7.041015625000000000e-01
2.812500000000000000e-01
7.675781250000000000e-01
3.183593750000000000e-01
8.242187500000000000e-01
3.691406250000000000e-01
8.681640625000000000e-01
4.267578125000000000e-01
9.042968750000000000e-01
4.980468750000000000e-01
9.160156250000000000e-01
5.673828125000000000e-01
9.062500000000000000e-01
6.298828125000000000e-01
8.720703125000000000e-01
6.816406250000000000e-01
8.281250000000000000e-01
7.187500000000000000e-01
7.714843750000000000e-01
7.402343750000000000e-01
7.070312500000000000e-01
7.548828125000000000e-01
6.396484375000000000e-01
7.636718750000000000e-01
5.703125000000000000e-01
7.675781250000000000e-01
5.009765625000000000e-01
