2.197265625000000000e-01
4.746093750000000000e-01
2.207031250000000000e-01
5.507812500000000000e-01
2.285156250000000000e-01
6.259765625000000000e-01
2.421875000000000000e-01
7.001953125000000000e-01
2.695312500000000000e-01
7.675781250000000000e-01
3.134765625000000000e-01
8.261718750000000000e-01
3.662109375000000000e-01
8.730468750000000000e-01
4.306640625000000000e-01
9.082031250000000000e-01
4.980468750000000000e-01
9.199218750000000000e-01
5.615234375000000000e-01
9.003906250000000000e-01
6.142578125000000000e-01
8.593750000000000000e-01
6.621093750000000000e-01
8.115234375000000000e-01
6.972656250000000000e-01
7.548828125000000000e-01
7.187500000000000000e-01
6.923828125000000000e-01
7.314453125000000000e-01
6.240234375000000000e-01
7.392578125000000000e-01
5.576171875000000000e-01
7.363281250000000000e-01
4.892578125000000000e-01
