2.421875000000000000e-01
5.048828125000000000e-01
2.441406250000000000e-01
5.722656250000000000e-01
2.519531250000000000e-01
6.396484375000000000e-01
2.626953125000000000e-01
7.050781250000000000e-01
2.812500000000000000e-01
7.675781250000000000e-01
3.183593750000000000e-01
8.242187500000000000e-01
3.671875000000000000e-01
8.691406250000000000e-01
4.257812500000000000e-01
9.042968750000000000e-01
4.970703125000000000e-01
9.150390625000000000e-01
5.703125000000000000e-01
9.033203125000000000e-01
6.337890625000000000e-01
8.691406250000000000e-01
6.855468750000000000e-01
8.222656250000000000e-01
7.246093750000000000e-01
7.646484375000000000e-01
7.451171875000000000e-01
6.982421875000000000e-01
7.587890625000000000e-01
6.298828125000000000e-01
7.685546875000000000e-01
5.625000000000000000e-01
7.714843750000000000e-01
4.941406250000000000e-01
