2.011718750000000000e-01
4.892578125000000000e-01
2.099609375000000000e-01
5.654296875000000000e-01
2.216796875000000000e-01
6.386718750000000000e-01
2.373046875000000000e-01
7.109375000000000000e-01
2.666015625000000000e-01
7.773437500000000000e-01
3.125000000000000000e-01
8.359375000000000000e-01
3.691406250000000000e-01
8.828125000000000000e-01
4.365234375000000000e-01
9.189453125000000000e-01
5.117187500000000000e-01
9.287109375000000000e-01
5.839843750000000000e-01
9.140625000000000000e-01
6.435546875000000000e-01
8.730468750000000000e-01
6.914062500000000000e-01
8.232421875000000000e-01
7.285156250000000000e-01
7.626953125000000000e-01
7.509765625000000000e-01
6.953125000000000000e-01
7.626953125000000000e-01
6.230468750000000000e-01
7.675781250000000000e-01
5.556640625000000000e-01
7.734375000000000000e-01
4.853515625000000000e-01
