2.333984375000000000e-01
4.384765625000000000e-01
2.382812500000000000e-01
5.126953125000000000e-01
2.460937500000000000e-01
5.869140625000000000e-01
2.578125000000000000e-01
6.591796875000000000e-01
2.822265625000000000e-01
7.275390625000000000e-01
3.203125000000000000e-01
7.871093750000000000e-01
3.691406250000000000e-01
8.398437500000000000e-01
4.267578125000000000e-01
8.867187500000000000e-01
5.000000000000000000e-01
9.013671875000000000e-01
5.742187500000000000e-01
8.925781250000000000e-01
6.445312500000000000e-01
8.544921875000000000e-01
7.050781250000000000e-01
8.027343750000000000e-01
7.539062500000000000e-01
7.412109375000000000e-01
7.841796875000000000e-01
6.699218750000000000e-01
7.998046875000000000e-01
5.927734375000000000e-01
8.095703125000000000e-01
5.117187500000000000e-01
8.154296875000000000e-01
4.306640625000000000e-01
