2.558593750000000000e-01
4.609375000000000000e-01
2.539062500000000000e-01
5.283203125000000000e-01
2.607421875000000000e-01
5.947265625000000000e-01
2.734375000000000000e-01
6.591796875000000000e-01
2.978515625000000000e-01
7.216796875000000000e-01
3.369140625000000000e-01
7.802734375000000000e-01
3.837890625000000000e-01
8.349609375000000000e-01
4.365234375000000000e-01
8.818359375000000000e-01
4.960937500000000000e-01
8.974609375000000000e-01
5.585937500000000000e-01
8.896484375000000000e-01
6.142578125000000000e-01
8.476562500000000000e-01
6.640625000000000000e-01
7.968750000000000000e-01
7.070312500000000000e-01
7.392578125000000000e-01
7.333984375000000000e-01
6.718750000000000000e-01
7.480468750000000000e-01
6.005859375000000000e-01
7.617187500000000000e-01
5.292968750000000000e-01
7.675781250000000000e-01
4.550781250000000000e-01
