2.138671875000000000e-01
4.423828125000000000e-01
2.236328125000000000e-01
5.185546875000000000e-01
2.343750000000000000e-01
5.917968750000000000e-01
2.470703125000000000e-01
6.630859375000000000e-01
2.773437500000000000e-01
7.236328125000000000e-01
3.291015625000000000e-01
7.695312500000000000e-01
3.847656250000000000e-01
8.056640625000000000e-01
4.423828125000000000e-01
8.369140625000000000e-01
5.029296875000000000e-01
8.476562500000000000e-01
5.615234375000000000e-01
8.369140625000000000e-01
6.181640625000000000e-01
8.046875000000000000e-01
6.757812500000000000e-01
7.685546875000000000e-01
7.246093750000000000e-01
7.216796875000000000e-01
7.539062500000000000e-01
6.601562500000000000e-01
7.656250000000000000e-01
5.878906250000000000e-01
7.734375000000000000e-01
5.146484375000000000e-01
7.802734375000000000e-01
4.404296875000000000e-01
