1.132812500000000000e-01
5.009765625000000000e-01
1.210937500000000000e-01
5.869140625000000000e-01
1.376953125000000000e-01
6.738281250000000000e-01
1.630859375000000000e-01
7.500000000000000000e-01
2.109375000000000000e-01
8.232421875000000000e-01
2.812500000000000000e-01
8.750000000000000000e-01
3.632812500000000000e-01
9.130859375000000000e-01
4.482421875000000000e-01
9.345703125000000000e-01
5.175781250000000000e-01
9.335937500000000000e-01
5.781250000000000000e-01
9.160156250000000000e-01
6.269531250000000000e-01
8.769531250000000000e-01
6.679687500000000000e-01
8.339843750000000000e-01
7.001953125000000000e-01
7.822265625000000000e-01
7.177734375000000000e-01
7.197265625000000000e-01
7.314453125000000000e-01
6.601562500000000000e-01
7.382812500000000000e-01
5.976562500000000000e-01
7.363281250000000000e-01
5.361328125000000000e-01
