2.011718750000000000e-01
5.126953125000000000e-01
2.089843750000000000e-01
5.820312500000000000e-01
2.216796875000000000e-01
6.455078125000000000e-01
2.373046875000000000e-01
7.089843750000000000e-01
2.636718750000000000e-01
7.685546875000000000e-01
3.046875000000000000e-01
8.203125000000000000e-01
3.623046875000000000e-01
8.613281250000000000e-01
4.287109375000000000e-01
8.925781250000000000e-01
4.970703125000000000e-01
9.003906250000000000e-01
5.605468750000000000e-01
8.886718750000000000e-01
6.181640625000000000e-01
8.544921875000000000e-01
6.689453125000000000e-01
8.115234375000000000e-01
7.060546875000000000e-01
7.597656250000000000e-01
7.265625000000000000e-01
6.982421875000000000e-01
7.373046875000000000e-01
6.347656250000000000e-01
7.480468750000000000e-01
5.722656250000000000e-01
7.558593750000000000e-01
5.058593750000000000e-01
