2.519531250000000000e-01
4.648437500000000000e-01
2.558593750000000000e-01
5.341796875000000000e-01
2.626953125000000000e-01
5.996093750000000000e-01
2.714843750000000000e-01
6.660156250000000000e-01
2.949218750000000000e-01
7.265625000000000000e-01
3.359375000000000000e-01
7.744140625000000000e-01
3.837890625000000000e-01
8.193359375000000000e-01
4.345703125000000000e-01
8.613281250000000000e-01
4.921875000000000000e-01
8.750000000000000000e-01
5.517578125000000000e-01
8.662109375000000000e-01
6.093750000000000000e-01
8.281250000000000000e-01
6.640625000000000000e-01
7.851562500000000000e-01
7.148437500000000000e-01
7.373046875000000000e-01
7.480468750000000000e-01
6.767578125000000000e-01
7.626953125000000000e-01
6.074218750000000000e-01
7.753906250000000000e-01
5.371093750000000000e-01
7.861328125000000000e-01
4.638671875000000000e-01
