2.460937500000000000e-01
4.755859375000000000e-01
2.421875000000000000e-01
5.468750000000000000e-01
2.480468750000000000e-01
6.191406250000000000e-01
2.587890625000000000e-01
6.884765625000000000e-01
2.783203125000000000e-01
7.568359375000000000e-01
3.144531250000000000e-01
8.173828125000000000e-01
3.623046875000000000e-01
8.720703125000000000e-01
4.199218750000000000e-01
9.218750000000000000e-01
4.863281250000000000e-01
9.404296875000000000e-01
5.566406250000000000e-01
9.306640625000000000e-01
6.269531250000000000e-01
8.955078125000000000e-01
6.933593750000000000e-01
8.505859375000000000e-01
7.490234375000000000e-01
7.919921875000000000e-01
7.822265625000000000e-01
7.197265625000000000e-01
7.958984375000000000e-01
6.416015625000000000e-01
8.076171875000000000e-01
5.625000000000000000e-01
8.144531250000000000e-01
4.824218750000000000e-01
