2.197265625000000000e-01
5.048828125000000000e-01
2.207031250000000000e-01
5.732421875000000000e-01
2.246093750000000000e-01
6.416015625000000000e-01
2.343750000000000000e-01
7.099609375000000000e-01
2.548828125000000000e-01
7.744140625000000000e-01
2.939453125000000000e-01
8.291015625000000000e-01
3.525390625000000000e-01
8.710937500000000000e-01
4.179687500000000000e-01
9.033203125000000000e-01
4.960937500000000000e-01
9.140625000000000000e-01
5.732421875000000000e-01
9.062500000000000000e-01
6.455078125000000000e-01
8.789062500000000000e-01
7.070312500000000000e-01
8.398437500000000000e-01
7.509765625000000000e-01
7.900390625000000000e-01
7.744140625000000000e-01
7.275390625000000000e-01
7.880859375000000000e-01
6.591796875000000000e-01
7.939453125000000000e-01
5.898437500000000000e-01
7.968750000000000000e-01
5.205078125000000000e-01
