2.158203125000000000e-01
4.658203125000000000e-01
2.226562500000000000e-01
5.400390625000000000e-01
2.294921875000000000e-01
6.132812500000000000e-01
2.402343750000000000e-01
6.875000000000000000e-01
2.636718750000000000e-01
7.578125000000000000e-01
3.056640625000000000e-01
8.193359375000000000e-01
3.593750000000000000e-01
8.769531250000000000e-01
4.218750000000000000e-01
9.248046875000000000e-01
4.960937500000000000e-01
9.394531250000000000e-01
5.722656250000000000e-01
9.287109375000000000e-01
6.386718750000000000e-01
8.818359375000000000e-01
6.962890625000000000e-01
8.271484375000000000e-01
7.412109375000000000e-01
7.646484375000000000e-01
7.656250000000000000e-01
6.914062500000000000e-01
7.783203125000000000e-01
6.162109375000000000e-01
7.880859375000000000e-01
5.419921875000000000e-01
7.939453125000000000e-01
4.648437500000000000e-01
