2.695312500000000000e-01
4.843750000000000000e-01
2.705078125000000000e-01
5.498046875000000000e-01
2.783203125000000000e-01
6.171875000000000000e-01
2.880859375000000000e-01
6.845703125000000000e-01
3.105468750000000000e-01
7.490234375000000000e-01
3.505859375000000000e-01
8.007812500000000000e-01
4.033203125000000000e-01
8.447265625000000000e-01
4.550781250000000000e-01
8.818359375000000000e-01
5.126953125000000000e-01
8.964843750000000000e-01
5.810546875000000000e-01
8.896484375000000000e-01
6.542968750000000000e-01
8.632812500000000000e-01
7.275390625000000000e-01
8.281250000000000000e-01
7.880859375000000000e-01
7.802734375000000000e-01
8.291015625000000000e-01
7.138671875000000000e-01
8.515625000000000000e-01
6.386718750000000000e-01
8.642578125000000000e-01
5.566406250000000000e-01
8.710937500000000000e-01
4.726562500000000000e-01
