2.324218750000000000e-01
4.726562500000000000e-01
2.353515625000000000e-01
5.380859375000000000e-01
2.441406250000000000e-01
6.044921875000000000e-01
2.568359375000000000e-01
6.699218750000000000e-01
2.822265625000000000e-01
7.304687500000000000e-01
3.222656250000000000e-01
7.861328125000000000e-01
3.750000000000000000e-01
8.310546875000000000e-01
4.326171875000000000e-01
8.671875000000000000e-01
4.941406250000000000e-01
8.798828125000000000e-01
5.556640625000000000e-01
8.671875000000000000e-01
6.132812500000000000e-01
8.291015625000000000e-01
6.640625000000000000e-01
7.832031250000000000e-01
7.080078125000000000e-01
7.304687500000000000e-01
7.363281250000000000e-01
6.718750000000000000e-01
7.500000000000000000e-01
6.064453125000000000e-01
7.617187500000000000e-01
5.419921875000000000e-01
7.675781250000000000e-01
4.736328125000000000e-01
