2.617187500000000000e-01
4.755859375000000000e-01
2.626953125000000000e-01
5.449218750000000000e-01
2.695312500000000000e-01
6.132812500000000000e-01
2.832031250000000000e-01
6.787109375000000000e-01
3.066406250000000000e-01
7.421875000000000000e-01
3.398437500000000000e-01
8.007812500000000000e-01
3.847656250000000000e-01
8.525390625000000000e-01
4.365234375000000000e-01
8.964843750000000000e-01
5.019531250000000000e-01
9.111328125000000000e-01
5.722656250000000000e-01
9.023437500000000000e-01
6.406250000000000000e-01
8.681640625000000000e-01
7.001953125000000000e-01
8.232421875000000000e-01
7.480468750000000000e-01
7.675781250000000000e-01
7.792968750000000000e-01
7.041015625000000000e-01
8.007812500000000000e-01
6.337890625000000000e-01
8.144531250000000000e-01
5.615234375000000000e-01
8.232421875000000000e-01
4.833984375000000000e-01
