2.597656250000000000e-01
4.863281250000000000e-01
2.617187500000000000e-01
5.585937500000000000e-01
2.675781250000000000e-01
6.308593750000000000e-01
2.792968750000000000e-01
6.982421875000000000e-01
2.988281250000000000e-01
7.675781250000000000e-01
3.339843750000000000e-01
8.242187500000000000e-01
3.818359375000000000e-01
8.740234375000000000e-01
4.375000000000000000e-01
9.072265625000000000e-01
5.019531250000000000e-01
9.179687500000000000e-01
5.771484375000000000e-01
9.111328125000000000e-01
6.562500000000000000e-01
8.828125000000000000e-01
7.265625000000000000e-01
8.408203125000000000e-01
7.783203125000000000e-01
7.861328125000000000e-01
8.076171875000000000e-01
7.158203125000000000e-01
8.212890625000000000e-01
6.386718750000000000e-01
8.261718750000000000e-01
5.566406250000000000e-01
8.310546875000000000e-01
4.746093750000000000e-01
