2.041015625000000000e-01
4.687500000000000000e-01
2.119140625000000000e-01
5.478515625000000000e-01
2.246093750000000000e-01
6.240234375000000000e-01
2.412109375000000000e-01
7.001953125000000000e-01
2.763671875000000000e-01
7.646484375000000000e-01
3.251953125000000000e-01
8.203125000000000000e-01
3.808593750000000000e-01
8.642578125000000000e-01
4.384765625000000000e-01
8.974609375000000000e-01
4.990234375000000000e-01
9.042968750000000000e-01
5.556640625000000000e-01
8.876953125000000000e-01
6.044921875000000000e-01
8.466796875000000000e-01
6.494140625000000000e-01
7.978515625000000000e-01
6.904296875000000000e-01
7.431640625000000000e-01
7.187500000000000000e-01
6.806640625000000000e-01
7.363281250000000000e-01
6.113281250000000000e-01
7.470703125000000000e-01
5.419921875000000000e-01
7.509765625000000000e-01
4.707031250000000000e-01
