1.884765625000000000e-01
4.970703125000000000e-01
1.943359375000000000e-01
5.732421875000000000e-01
1.982421875000000000e-01
6.494140625000000000e-01
2.119140625000000000e-01
7.255859375000000000e-01
2.382812500000000000e-01
7.949218750000000000e-01
2.890625000000000000e-01
8.505859375000000000e-01
3.515625000000000000e-01
8.935546875000000000e-01
4.218750000000000000e-01
9.277343750000000000e-01
5.000000000000000000e-01
9.355468750000000000e-01
5.751953125000000000e-01
9.228515625000000000e-01
6.386718750000000000e-01
8.857421875000000000e-01
6.923828125000000000e-01
8.378906250000000000e-01
7.343750000000000000e-01
7.802734375000000000e-01
7.578125000000000000e-01
7.128906250000000000e-01
7.656250000000000000e-01
6.416015625000000000e-01
7.685546875000000000e-01
5.722656250000000000e-01
7.705078125000000000e-01
5.048828125000000000e-01
