2.744140625000000000e-01
4.970703125000000000e-01
2.626953125000000000e-01
5.644531250000000000e-01
2.666015625000000000e-01
6.337890625000000000e-01
2.792968750000000000e-01
7.031250000000000000e-01
2.978515625000000000e-01
7.714843750000000000e-01
3.310546875000000000e-01
8.310546875000000000e-01
3.779296875000000000e-01
8.837890625000000000e-01
4.277343750000000000e-01
9.277343750000000000e-01
4.921875000000000000e-01
9.443359375000000000e-01
5.634765625000000000e-01
9.355468750000000000e-01
6.396484375000000000e-01
9.062500000000000000e-01
7.148437500000000000e-01
8.671875000000000000e-01
7.783203125000000000e-01
8.095703125000000000e-01
8.134765625000000000e-01
7.343750000000000000e-01
8.349609375000000000e-01
6.562500000000000000e-01
8.476562500000000000e-01
5.712890625000000000e-01
8.544921875000000000e-01
4.873046875000000000e-01
