2.099609375000000000e-01
4.746093750000000000e-01
2.226562500000000000e-01
5.458984375000000000e-01
2.382812500000000000e-01
6.103515625000000000e-01
2.558593750000000000e-01
6.748046875000000000e-01
2.822265625000000000e-01
7.333984375000000000e-01
3.251953125000000000e-01
7.812500000000000000e-01
3.828125000000000000e-01
8.164062500000000000e-01
4.404296875000000000e-01
8.466796875000000000e-01
5.009765625000000000e-01
8.564453125000000000e-01
5.605468750000000000e-01
8.427734375000000000e-01
6.181640625000000000e-01
8.115234375000000000e-01
6.718750000000000000e-01
7.763671875000000000e-01
7.099609375000000000e-01
7.275390625000000000e-01
7.343750000000000000e-01
6.689453125000000000e-01
7.470703125000000000e-01
6.074218750000000000e-01
7.597656250000000000e-01
5.449218750000000000e-01
7.714843750000000000e-01
4.765625000000000000e-01
