2.167968750000000000e-01
4.384765625000000000e-01
2.246093750000000000e-01
5.185546875000000000e-01
2.373046875000000000e-01
5.966796875000000000e-01
2.509765625000000000e-01
6.708984375000000000e-01
2.783203125000000000e-01
7.402343750000000000e-01
3.232421875000000000e-01
8.007812500000000000e-01
3.759765625000000000e-01
8.535156250000000000e-01
4.355468750000000000e-01
8.974609375000000000e-01
5.019531250000000000e-01
9.091796875000000000e-01
5.683593750000000000e-01
8.945312500000000000e-01
6.269531250000000000e-01
8.466796875000000000e-01
6.826171875000000000e-01
7.958984375000000000e-01
7.304687500000000000e-01
7.382812500000000000e-01
7.597656250000000000e-01
6.689453125000000000e-01
7.705078125000000000e-01
5.937500000000000000e-01
7.822265625000000000e-01
5.175781250000000000e-01
7.900390625000000000e-01
4.394531250000000000e-01
