2.363281250000000000e-01
4.833984375000000000e-01
2.304687500000000000e-01
5.595703125000000000e-01
2.343750000000000000e-01
6.347656250000000000e-01
2.431640625000000000e-01
7.119140625000000000e-01
2.587890625000000000e-01
7.861328125000000000e-01
2.939453125000000000e-01
8.525390625000000000e-01
3.496093750000000000e-01
9.052734375000000000e-01
4.140625000000000000e-01
9.423828125000000000e-01
4.873046875000000000e-01
9.599609375000000000e-01
5.644531250000000000e-01
9.472656250000000000e-01
6.445312500000000000e-01
9.179687500000000000e-01
7.158203125000000000e-01
8.730468750000000000e-01
7.675781250000000000e-01
8.076171875000000000e-01
7.968750000000000000e-01
7.304687500000000000e-01
8.115234375000000000e-01
6.484375000000000000e-01
8.222656250000000000e-01
5.673828125000000000e-01
8.271484375000000000e-01
4.863281250000000000e-01
