1.621093750000000000e-01
4.990234375000000000e-01
1.699218750000000000e-01
5.820312500000000000e-01
1.806640625000000000e-01
6.660156250000000000e-01
1.972656250000000000e-01
7.490234375000000000e-01
2.333984375000000000e-01
8.232421875000000000e-01
2.949218750000000000e-01
8.818359375000000000e-01
3.671875000000000000e-01
9.267578125000000000e-01
4.443359375000000000e-01
9.599609375000000000e-01
5.175781250000000000e-01
9.677734375000000000e-01
5.849609375000000000e-01
9.472656250000000000e-01
6.416015625000000000e-01
8.974609375000000000e-01
6.894531250000000000e-01
8.417968750000000000e-01
7.236328125000000000e-01
7.792968750000000000e-01
7.421875000000000000e-01
7.050781250000000000e-01
7.500000000000000000e-01
6.318359375000000000e-01
7.558593750000000000e-01
5.576171875000000000e-01
7.529296875000000000e-01
4.824218750000000000e-01
