2.841796875000000000e-01
4.990234375000000000e-01
2.812500000000000000e-01
5.634765625000000000e-01
2.880859375000000000e-01
6.328125000000000000e-01
3.037109375000000000e-01
7.011718750000000000e-01
3.271484375000000000e-01
7.666015625000000000e-01
3.613281250000000000e-01
8.251953125000000000e-01
4.042968750000000000e-01
8.720703125000000000e-01
4.492187500000000000e-01
9.111328125000000000e-01
5.097656250000000000e-01
9.189453125000000000e-01
5.810546875000000000e-01
9.052734375000000000e-01
6.455078125000000000e-01
8.750000000000000000e-01
7.138671875000000000e-01
8.388671875000000000e-01
7.724609375000000000e-01
7.919921875000000000e-01
8.125000000000000000e-01
7.294921875000000000e-01
8.359375000000000000e-01
6.572265625000000000e-01
8.457031250000000000e-01
5.791015625000000000e-01
8.505859375000000000e-01
5.048828125000000000e-01
