2.177734375000000000e-01
4.619140625000000000e-01
2.265625000000000000e-01
5.400390625000000000e-01
2.412109375000000000e-01
6.142578125000000000e-01
2.568359375000000000e-01
6.855468750000000000e-01
2.841796875000000000e-01
7.500000000000000000e-01
3.291015625000000000e-01
8.076171875000000000e-01
3.789062500000000000e-01
8.525390625000000000e-01
4.355468750000000000e-01
8.935546875000000000e-01
5.000000000000000000e-01
9.072265625000000000e-01
5.625000000000000000e-01
8.925781250000000000e-01
6.162109375000000000e-01
8.486328125000000000e-01
6.640625000000000000e-01
8.017578125000000000e-01
7.070312500000000000e-01
7.460937500000000000e-01
7.333984375000000000e-01
6.806640625000000000e-01
7.451171875000000000e-01
6.064453125000000000e-01
7.529296875000000000e-01
5.351562500000000000e-01
7.607421875000000000e-01
4.628906250000000000e-01
