2.666015625000000000e-01
4.912109375000000000e-01
2.548828125000000000e-01
5.556640625000000000e-01
2.548828125000000000e-01
6.240234375000000000e-01
2.636718750000000000e-01
6.953125000000000000e-01
2.783203125000000000e-01
7.666015625000000000e-01
3.076171875000000000e-01
8.330078125000000000e-01
3.515625000000000000e-01
8.906250000000000000e-01
4.033203125000000000e-01
9.375000000000000000e-01
4.707031250000000000e-01
9.550781250000000000e-01
5.498046875000000000e-01
9.492187500000000000e-01
6.328125000000000000e-01
9.218750000000000000e-01
7.158203125000000000e-01
8.886718750000000000e-01
7.851562500000000000e-01
8.369140625000000000e-01
8.300781250000000000e-01
7.695312500000000000e-01
8.525390625000000000e-01
6.894531250000000000e-01
8.583984375000000000e-01
6.064453125000000000e-01
8.623046875000000000e-01
5.263671875000000000e-01
