2.548828125000000000e-01
5.068359375000000000e-01
2.509765625000000000e-01
5.703125000000000000e-01
2.519531250000000000e-01
6.337890625000000000e-01
2.587890625000000000e-01
6.992187500000000000e-01
2.734375000000000000e-01
7.626953125000000000e-01
3.017578125000000000e-01
8.183593750000000000e-01
3.466796875000000000e-01
8.632812500000000000e-01
4.062500000000000000e-01
8.974609375000000000e-01
4.814453125000000000e-01
9.072265625000000000e-01
5.634765625000000000e-01
8.994140625000000000e-01
6.406250000000000000e-01
8.720703125000000000e-01
7.080078125000000000e-01
8.339843750000000000e-01
7.597656250000000000e-01
7.822265625000000000e-01
7.880859375000000000e-01
7.197265625000000000e-01
8.007812500000000000e-01
6.474609375000000000e-01
8.066406250000000000e-01
5.781250000000000000e-01
8.115234375000000000e-01
5.078125000000000000e-01
