2.412109375000000000e-01
4.843750000000000000e-01
2.480468750000000000e-01
5.498046875000000000e-01
2.568359375000000000e-01
6.113281250000000000e-01
2.656250000000000000e-01
6.738281250000000000e-01
2.900390625000000000e-01
7.333984375000000000e-01
3.330078125000000000e-01
7.832031250000000000e-01
3.867187500000000000e-01
8.261718750000000000e-01
4.423828125000000000e-01
8.652343750000000000e-01
4.980468750000000000e-01
8.789062500000000000e-01
5.537109375000000000e-01
8.681640625000000000e-01
6.123046875000000000e-01
8.339843750000000000e-01
6.708984375000000000e-01
7.958984375000000000e-01
7.197265625000000000e-01
7.470703125000000000e-01
7.480468750000000000e-01
6.855468750000000000e-01
7.617187500000000000e-01
6.201171875000000000e-01
7.734375000000000000e-01
5.527343750000000000e-01
7.832031250000000000e-01
4.833984375000000000e-01
