2.177734375000000000e-01
5.087890625000000000e-01
2.177734375000000000e-01
5.810546875000000000e-01
2.207031250000000000e-01
6.542968750000000000e-01
2.304687500000000000e-01
7.265625000000000000e-01
2.539062500000000000e-01
7.900390625000000000e-01
2.958984375000000000e-01
8.427734375000000000e-01
3.505859375000000000e-01
8.857421875000000000e-01
4.140625000000000000e-01
9.150390625000000000e-01
4.882812500000000000e-01
9.257812500000000000e-01
5.634765625000000000e-01
9.160156250000000000e-01
6.318359375000000000e-01
8.847656250000000000e-01
6.933593750000000000e-01
8.457031250000000000e-01
7.392578125000000000e-01
7.929687500000000000e-01
7.656250000000000000e-01
7.294921875000000000e-01
7.792968750000000000e-01
6.591796875000000000e-01
7.851562500000000000e-01
5.888671875000000000e-01
7.890625000000000000e-01
5.195312500000000000e-01
