1.914062500000000000e-01
4.638671875000000000e-01
1.923828125000000000e-01
5.371093750000000000e-01
1.972656250000000000e-01
6.103515625000000000e-01
2.119140625000000000e-01
6.826171875000000000e-01
2.402343750000000000e-01
7.509765625000000000e-01
2.880859375000000000e-01
8.105468750000000000e-01
3.505859375000000000e-01
8.583984375000000000e-01
4.218750000000000000e-01
8.945312500000000000e-01
4.980468750000000000e-01
9.023437500000000000e-01
5.693359375000000000e-01
8.886718750000000000e-01
6.250000000000000000e-01
8.476562500000000000e-01
6.718750000000000000e-01
7.968750000000000000e-01
7.050781250000000000e-01
7.402343750000000000e-01
7.255859375000000000e-01
6.757812500000000000e-01
7.373046875000000000e-01
6.113281250000000000e-01
7.421875000000000000e-01
5.458984375000000000e-01
7.421875000000000000e-01
4.814453125000000000e-01
