1.767578125000000000e-01
4.570312500000000000e-01
1.894531250000000000e-01
5.341796875000000000e-01
2.060546875000000000e-01
6.083984375000000000e-01
2.255859375000000000e-01
6.777343750000000000e-01
2.587890625000000000e-01
7.392578125000000000e-01
3.066406250000000000e-01
7.871093750000000000e-01
3.701171875000000000e-01
8.212890625000000000e-01
4.326171875000000000e-01
8.457031250000000000e-01
4.941406250000000000e-01
8.544921875000000000e-01
5.507812500000000000e-01
8.447265625000000000e-01
6.044921875000000000e-01
8.173828125000000000e-01
6.591796875000000000e-01
7.812500000000000000e-01
7.031250000000000000e-01
7.333984375000000000e-01
7.304687500000000000e-01
6.718750000000000000e-01
7.451171875000000000e-01
6.035156250000000000e-01
7.558593750000000000e-01
5.341796875000000000e-01
7.666015625000000000e-01
4.628906250000000000e-01
