1.923828125000000000e-01
4.628906250000000000e-01
1.962890625000000000e-01
5.400390625000000000e-01
2.050781250000000000e-01
6.181640625000000000e-01
2.177734375000000000e-01
6.933593750000000000e-01
2.460937500000000000e-01
7.626953125000000000e-01
2.919921875000000000e-01
8.212890625000000000e-01
3.505859375000000000e-01
8.662109375000000000e-01
4.208984375000000000e-01
9.003906250000000000e-01
4.931640625000000000e-01
9.101562500000000000e-01
5.634765625000000000e-01
8.945312500000000000e-01
6.230468750000000000e-01
8.515625000000000000e-01
6.757812500000000000e-01
8.007812500000000000e-01
7.177734375000000000e-01
7.441406250000000000e-01
7.412109375000000000e-01
6.757812500000000000e-01
7.539062500000000000e-01
6.044921875000000000e-01
7.626953125000000000e-01
5.312500000000000000e-01
7.646484375000000000e-01
4.570312500000000000e-01
