2.744140625000000000e-01
4.833984375000000000e-01
2.744140625000000000e-01
5.478515625000000000e-01
2.822265625000000000e-01
6.142578125000000000e-01
2.988281250000000000e-01
6.796875000000000000e-01
3.251953125000000000e-01
7.412109375000000000e-01
3.613281250000000000e-01
7.958984375000000000e-01
4.062500000000000000e-01
8.447265625000000000e-01
4.560546875000000000e-01
8.847656250000000000e-01
5.126953125000000000e-01
9.023437500000000000e-01
5.781250000000000000e-01
8.945312500000000000e-01
6.542968750000000000e-01
8.681640625000000000e-01
7.304687500000000000e-01
8.349609375000000000e-01
7.919921875000000000e-01
7.890625000000000000e-01
8.339843750000000000e-01
7.246093750000000000e-01
8.554687500000000000e-01
6.523437500000000000e-01
8.652343750000000000e-01
5.712890625000000000e-01
8.740234375000000000e-01
4.912109375000000000e-01
