2.412109375000000000e-01
4.765625000000000000e-01
2.480468750000000000e-01
5.458984375000000000e-01
2.607421875000000000e-01
6.132812500000000000e-01
2.773437500000000000e-01
6.806640625000000000e-01
3.066406250000000000e-01
7.412109375000000000e-01
3.515625000000000000e-01
7.949218750000000000e-01
3.974609375000000000e-01
8.457031250000000000e-01
4.443359375000000000e-01
8.886718750000000000e-01
5.009765625000000000e-01
9.033203125000000000e-01
5.576171875000000000e-01
8.925781250000000000e-01
6.074218750000000000e-01
8.574218750000000000e-01
6.533203125000000000e-01
8.105468750000000000e-01
6.953125000000000000e-01
7.548828125000000000e-01
7.255859375000000000e-01
6.923828125000000000e-01
7.451171875000000000e-01
6.230468750000000000e-01
7.597656250000000000e-01
5.517578125000000000e-01
7.656250000000000000e-01
4.794921875000000000e-01
