2.226562500000000000e-01
4.580078125000000000e-01
2.265625000000000000e-01
5.341796875000000000e-01
2.382812500000000000e-01
6.083984375000000000e-01
2.500000000000000000e-01
6.826171875000000000e-01
2.744140625000000000e-01
7.519531250000000000e-01
3.173828125000000000e-01
8.125000000000000000e-01
3.701171875000000000e-01
8.652343750000000000e-01
4.316406250000000000e-01
9.101562500000000000e-01
4.990234375000000000e-01
9.228515625000000000e-01
5.664062500000000000e-01
9.091796875000000000e-01
6.279296875000000000e-01
8.652343750000000000e-01
6.826171875000000000e-01
8.134765625000000000e-01
7.265625000000000000e-01
7.548828125000000000e-01
7.519531250000000000e-01
6.875000000000000000e-01
7.646484375000000000e-01
6.162109375000000000e-01
7.763671875000000000e-01
5.400390625000000000e-01
7.832031250000000000e-01
4.619140625000000000e-01
