2.558593750000000000e-01
4.755859375000000000e-01
2.529296875000000000e-01
5.449218750000000000e-01
2.607421875000000000e-01
6.142578125000000000e-01
2.744140625000000000e-01
6.796875000000000000e-01
3.017578125000000000e-01
7.431640625000000000e-01
3.447265625000000000e-01
7.988281250000000000e-01
3.925781250000000000e-01
8.476562500000000000e-01
4.443359375000000000e-01
8.906250000000000000e-01
5.000000000000000000e-01
9.042968750000000000e-01
5.576171875000000000e-01
8.925781250000000000e-01
6.181640625000000000e-01
8.564453125000000000e-01
6.777343750000000000e-01
8.115234375000000000e-01
7.304687500000000000e-01
7.597656250000000000e-01
7.675781250000000000e-01
6.982421875000000000e-01
7.851562500000000000e-01
6.289062500000000000e-01
7.949218750000000000e-01
5.585937500000000000e-01
7.968750000000000000e-01
4.863281250000000000e-01
