2.353515625000000000e-01
4.863281250000000000e-01
2.421875000000000000e-01
5.605468750000000000e-01
2.529296875000000000e-01
6.328125000000000000e-01
2.666015625000000000e-01
7.041015625000000000e-01
2.939453125000000000e-01
7.685546875000000000e-01
3.388671875000000000e-01
8.222656250000000000e-01
3.876953125000000000e-01
8.710937500000000000e-01
4.423828125000000000e-01
9.121093750000000000e-01
5.048828125000000000e-01
9.228515625000000000e-01
5.673828125000000000e-01
9.121093750000000000e-01
6.250000000000000000e-01
8.730468750000000000e-01
6.767578125000000000e-01
8.232421875000000000e-01
7.226562500000000000e-01
7.675781250000000000e-01
7.519531250000000000e-01
7.031250000000000000e-01
7.666015625000000000e-01
6.318359375000000000e-01
7.773437500000000000e-01
5.605468750000000000e-01
7.851562500000000000e-01
4.843750000000000000e-01
