2.470703125000000000e-01
5.097656250000000000e-01
2.402343750000000000e-01
5.751953125000000000e-01
2.373046875000000000e-01
6.425781250000000000e-01
2.431640625000000000e-01
7.128906250000000000e-01
2.568359375000000000e-01
7.841796875000000000e-01
2.861328125000000000e-01
8.476562500000000000e-01
3.349609375000000000e-01
9.003906250000000000e-01
4.003906250000000000e-01
9.365234375000000000e-01
4.814453125000000000e-01
9.482421875000000000e-01
5.712890625000000000e-01
9.404296875000000000e-01
6.562500000000000000e-01
9.169921875000000000e-01
7.343750000000000000e-01
8.808593750000000000e-01
7.900390625000000000e-01
8.281250000000000000e-01
8.203125000000000000e-01
7.568359375000000000e-01
8.330078125000000000e-01
6.816406250000000000e-01
8.369140625000000000e-01
6.054687500000000000e-01
8.408203125000000000e-01
5.302734375000000000e-01
