2.675781250000000000e-01
4.472656250000000000e-01
2.734375000000000000e-01
5.175781250000000000e-01
2.841796875000000000e-01
5.869140625000000000e-01
2.988281250000000000e-01
6.582031250000000000e-01
3.261718750000000000e-01
7.207031250000000000e-01
3.691406250000000000e-01
7.753906250000000000e-01
4.160156250000000000e-01
8.222656250000000000e-01
4.599609375000000000e-01
8.652343750000000000e-01
5.146484375000000000e-01
8.808593750000000000e-01
5.761718750000000000e-01
8.710937500000000000e-01
6.445312500000000000e-01
8.320312500000000000e-01
7.119140625000000000e-01
7.880859375000000000e-01
7.714843750000000000e-01
7.343750000000000000e-01
8.105468750000000000e-01
6.699218750000000000e-01
8.300781250000000000e-01
5.947265625000000000e-01
8.388671875000000000e-01
5.117187500000000000e-01
8.457031250000000000e-01
4.277343750000000000e-01
