2.412109375000000000e-01
5.039062500000000000e-01
2.333984375000000000e-01
5.732421875000000000e-01
2.304687500000000000e-01
6.416015625000000000e-01
2.402343750000000000e-01
7.138671875000000000e-01
2.636718750000000000e-01
7.832031250000000000e-01
3.076171875000000000e-01
8.388671875000000000e-01
3.642578125000000000e-01
8.886718750000000000e-01
4.218750000000000000e-01
9.365234375000000000e-01
4.921875000000000000e-01
9.560546875000000000e-01
5.654296875000000000e-01
9.462890625000000000e-01
6.416015625000000000e-01
9.140625000000000000e-01
7.148437500000000000e-01
8.701171875000000000e-01
7.753906250000000000e-01
8.144531250000000000e-01
8.134765625000000000e-01
7.460937500000000000e-01
8.300781250000000000e-01
6.708984375000000000e-01
8.359375000000000000e-01
5.927734375000000000e-01
8.398437500000000000e-01
5.166015625000000000e-01
