1.738281250000000000e-01
4.658203125000000000e-01
1.796875000000000000e-01
5.410156250000000000e-01
1.884765625000000000e-01
6.152343750000000000e-01
2.089843750000000000e-01
6.845703125000000000e-01
2.421875000000000000e-01
7.500000000000000000e-01
2.910156250000000000e-01
8.076171875000000000e-01
3.505859375000000000e-01
8.535156250000000000e-01
4.199218750000000000e-01
8.837890625000000000e-01
4.902343750000000000e-01
8.906250000000000000e-01
5.556640625000000000e-01
8.789062500000000000e-01
6.113281250000000000e-01
8.437500000000000000e-01
6.572265625000000000e-01
7.939453125000000000e-01
6.953125000000000000e-01
7.373046875000000000e-01
7.158203125000000000e-01
6.718750000000000000e-01
7.275390625000000000e-01
6.064453125000000000e-01
7.343750000000000000e-01
5.410156250000000000e-01
7.363281250000000000e-01
4.775390625000000000e-01
