2.158203125000000000e-01
5.029296875000000000e-01
2.187500000000000000e-01
5.732421875000000000e-01
2.236328125000000000e-01
6.474609375000000000e-01
2.343750000000000000e-01
7.187500000000000000e-01
2.626953125000000000e-01
7.832031250000000000e-01
3.076171875000000000e-01
8.378906250000000000e-01
3.642578125000000000e-01
8.847656250000000000e-01
4.306640625000000000e-01
9.169921875000000000e-01
5.029296875000000000e-01
9.248046875000000000e-01
5.722656250000000000e-01
9.121093750000000000e-01
6.250000000000000000e-01
8.730468750000000000e-01
6.660156250000000000e-01
8.232421875000000000e-01
6.982421875000000000e-01
7.685546875000000000e-01
7.197265625000000000e-01
7.041015625000000000e-01
7.304687500000000000e-01
6.386718750000000000e-01
7.363281250000000000e-01
5.683593750000000000e-01
7.353515625000000000e-01
4.980468750000000000e-01
