2.089843750000000000e-01
4.707031250000000000e-01
2.148437500000000000e-01
5.488281250000000000e-01
2.285156250000000000e-01
6.259765625000000000e-01
2.451171875000000000e-01
7.021484375000000000e-01
2.724609375000000000e-01
7.714843750000000000e-01
3.183593750000000000e-01
8.320312500000000000e-01
3.740234375000000000e-01
8.818359375000000000e-01
4.365234375000000000e-01
9.208984375000000000e-01
5.068359375000000000e-01
9.316406250000000000e-01
5.742187500000000000e-01
9.121093750000000000e-01
6.347656250000000000e-01
8.671875000000000000e-01
6.894531250000000000e-01
8.173828125000000000e-01
7.314453125000000000e-01
7.607421875000000000e-01
7.568359375000000000e-01
6.972656250000000000e-01
7.685546875000000000e-01
6.259765625000000000e-01
7.744140625000000000e-01
5.556640625000000000e-01
7.724609375000000000e-01
4.814453125000000000e-01
