2.607421875000000000e-01
4.980468750000000000e-01
2.597656250000000000e-01
5.634765625000000000e-01
2.675781250000000000e-01
6.269531250000000000e-01
2.773437500000000000e-01
6.904296875000000000e-01
2.968750000000000000e-01
7.529296875000000000e-01
3.300781250000000000e-01
8.017578125000000000e-01
3.769531250000000000e-01
8.398437500000000000e-01
4.277343750000000000e-01
8.710937500000000000e-01
4.892578125000000000e-01
8.857421875000000000e-01
5.537109375000000000e-01
8.779296875000000000e-01
6.220703125000000000e-01
8.525390625000000000e-01
6.894531250000000000e-01
8.203125000000000000e-01
7.441406250000000000e-01
7.763671875000000000e-01
7.802734375000000000e-01
7.158203125000000000e-01
8.007812500000000000e-01
6.494140625000000000e-01
8.134765625000000000e-01
5.800781250000000000e-01
8.251953125000000000e-01
5.078125000000000000e-01
