1.767578125000000000e-01
4.863281250000000000e-01
1.787109375000000000e-01
5.625000000000000000e-01
1.835937500000000000e-01
6.376953125000000000e-01
1.953125000000000000e-01
7.089843750000000000e-01
2.226562500000000000e-01
7.792968750000000000e-01
2.724609375000000000e-01
8.339843750000000000e-01
3.378906250000000000e-01
8.730468750000000000e-01
4.121093750000000000e-01
9.042968750000000000e-01
4.912109375000000000e-01
9.140625000000000000e-01
5.654296875000000000e-01
9.033203125000000000e-01
6.259765625000000000e-01
8.691406250000000000e-01
6.738281250000000000e-01
8.242187500000000000e-01
7.050781250000000000e-01
7.636718750000000000e-01
7.197265625000000000e-01
6.972656250000000000e-01
7.275390625000000000e-01
6.289062500000000000e-01
7.314453125000000000e-01
5.615234375000000000e-01
7.314453125000000000e-01
4.941406250000000000e-01
