2.666015625000000000e-01
4.755859375000000000e-01
2.626953125000000000e-01
5.429687500000000000e-01
2.695312500000000000e-01
6.123046875000000000e-01
2.851562500000000000e-01
6.806640625000000000e-01
3.056640625000000000e-01
7.480468750000000000e-01
3.388671875000000000e-01
8.105468750000000000e-01
3.818359375000000000e-01
8.652343750000000000e-01
4.335937500000000000e-01
9.082031250000000000e-01
4.980468750000000000e-01
9.218750000000000000e-01
5.693359375000000000e-01
9.111328125000000000e-01
6.416015625000000000e-01
8.789062500000000000e-01
7.070312500000000000e-01
8.339843750000000000e-01
7.587890625000000000e-01
7.773437500000000000e-01
7.929687500000000000e-01
7.109375000000000000e-01
8.095703125000000000e-01
6.367187500000000000e-01
8.164062500000000000e-01
5.605468750000000000e-01
8.125000000000000000e-01
4.853515625000000000e-01
