1.953125000000000000e-01
4.736328125000000000e-01
2.041015625000000000e-01
5.498046875000000000e-01
2.167968750000000000e-01
6.250000000000000000e-01
2.333984375000000000e-01
7.001953125000000000e-01
2.666015625000000000e-01
7.675781250000000000e-01
3.164062500000000000e-01
8.261718750000000000e-01
3.750000000000000000e-01
8.779296875000000000e-01
4.384765625000000000e-01
9.199218750000000000e-01
5.019531250000000000e-01
9.306640625000000000e-01
5.664062500000000000e-01
9.140625000000000000e-01
6.269531250000000000e-01
8.691406250000000000e-01
6.855468750000000000e-01
8.173828125000000000e-01
7.324218750000000000e-01
7.587890625000000000e-01
7.607421875000000000e-01
6.904296875000000000e-01
7.744140625000000000e-01
6.152343750000000000e-01
7.861328125000000000e-01
5.419921875000000000e-01
7.939453125000000000e-01
4.667968750000000000e-01
