2.822265625000000000e-01
5.146484375000000000e-01
2.714843750000000000e-01
5.732421875000000000e-01
2.656250000000000000e-01
6.386718750000000000e-01
2.705078125000000000e-01
7.089843750000000000e-01
2.832031250000000000e-01
7.783203125000000000e-01
3.105468750000000000e-01
8.398437500000000000e-01
3.496093750000000000e-01
9.003906250000000000e-01
3.994140625000000000e-01
9.433593750000000000e-01
4.697265625000000000e-01
9.560546875000000000e-01
5.546875000000000000e-01
9.531250000000000000e-01
6.425781250000000000e-01
9.287109375000000000e-01
7.265625000000000000e-01
8.906250000000000000e-01
7.919921875000000000e-01
8.408203125000000000e-01
8.320312500000000000e-01
7.744140625000000000e-01
8.525390625000000000e-01
6.972656250000000000e-01
8.613281250000000000e-01
6.181640625000000000e-01
8.662109375000000000e-01
5.371093750000000000e-01
