2.285156250000000000e-01
4.414062500000000000e-01
2.353515625000000000e-01
5.195312500000000000e-01
2.529296875000000000e-01
5.947265625000000000e-01
2.724609375000000000e-01
6.679687500000000000e-01
2.978515625000000000e-01
7.353515625000000000e-01
3.369140625000000000e-01
7.949218750000000000e-01
3.837890625000000000e-01
8.447265625000000000e-01
4.404296875000000000e-01
8.847656250000000000e-01
5.019531250000000000e-01
8.945312500000000000e-01
5.625000000000000000e-01
8.779296875000000000e-01
6.210937500000000000e-01
8.388671875000000000e-01
6.728515625000000000e-01
7.880859375000000000e-01
7.148437500000000000e-01
7.333984375000000000e-01
7.421875000000000000e-01
6.669921875000000000e-01
7.568359375000000000e-01
5.957031250000000000e-01
7.685546875000000000e-01
5.195312500000000000e-01
7.744140625000000000e-01
4.453125000000000000e-01
