1.748046875000000000e-01
5.000000000000000000e-01
1.816406250000000000e-01
5.771484375000000000e-01
1.894531250000000000e-01
6.552734375000000000e-01
2.031250000000000000e-01
7.314453125000000000e-01
2.373046875000000000e-01
7.998046875000000000e-01
2.910156250000000000e-01
8.574218750000000000e-01
3.574218750000000000e-01
9.023437500000000000e-01
4.306640625000000000e-01
9.335937500000000000e-01
5.068359375000000000e-01
9.423828125000000000e-01
5.742187500000000000e-01
9.296875000000000000e-01
6.259765625000000000e-01
8.867187500000000000e-01
6.679687500000000000e-01
8.330078125000000000e-01
7.001953125000000000e-01
7.744140625000000000e-01
7.158203125000000000e-01
7.080078125000000000e-01
7.246093750000000000e-01
6.406250000000000000e-01
7.255859375000000000e-01
5.742187500000000000e-01
7.216796875000000000e-01
5.097656250000000000e-01
