2.324218750000000000e-01
4.619140625000000000e-01
2.402343750000000000e-01
5.371093750000000000e-01
2.470703125000000000e-01
6.093750000000000000e-01
2.548828125000000000e-01
6.816406250000000000e-01
2.753906250000000000e-01
7.509765625000000000e-01
3.144531250000000000e-01
8.105468750000000000e-01
3.642578125000000000e-01
8.613281250000000000e-01
4.248046875000000000e-01
9.091796875000000000e-01
4.931640625000000000e-01
9.257812500000000000e-01
5.664062500000000000e-01
9.160156250000000000e-01
6.357421875000000000e-01
8.750000000000000000e-01
6.933593750000000000e-01
8.242187500000000000e-01
7.421875000000000000e-01
7.646484375000000000e-01
7.675781250000000000e-01
6.943359375000000000e-01
7.822265625000000000e-01
6.181640625000000000e-01
7.929687500000000000e-01
5.410156250000000000e-01
7.988281250000000000e-01
4.619140625000000000e-01
