2.343750000000000000e-01
4.755859375000000000e-01
2.382812500000000000e-01
5.468750000000000000e-01
2.470703125000000000e-01
6.181640625000000000e-01
2.597656250000000000e-01
6.894531250000000000e-01
2.763671875000000000e-01
7.578125000000000000e-01
3.105468750000000000e-01
8.154296875000000000e-01
3.593750000000000000e-01
8.652343750000000000e-01
4.189453125000000000e-01
9.091796875000000000e-01
4.960937500000000000e-01
9.218750000000000000e-01
5.732421875000000000e-01
9.140625000000000000e-01
6.425781250000000000e-01
8.789062500000000000e-01
7.031250000000000000e-01
8.310546875000000000e-01
7.490234375000000000e-01
7.724609375000000000e-01
7.734375000000000000e-01
7.041015625000000000e-01
7.880859375000000000e-01
6.298828125000000000e-01
7.939453125000000000e-01
5.537109375000000000e-01
7.958984375000000000e-01
4.755859375000000000e-01
