1.923828125000000000e-01
4.384765625000000000e-01
2.021484375000000000e-01
5.205078125000000000e-01
2.187500000000000000e-01
5.996093750000000000e-01
2.373046875000000000e-01
6.757812500000000000e-01
2.695312500000000000e-01
7.421875000000000000e-01
3.164062500000000000e-01
7.978515625000000000e-01
3.750000000000000000e-01
8.427734375000000000e-01
4.384765625000000000e-01
8.769531250000000000e-01
5.009765625000000000e-01
8.867187500000000000e-01
5.625000000000000000e-01
8.681640625000000000e-01
6.162109375000000000e-01
8.271484375000000000e-01
6.650390625000000000e-01
7.802734375000000000e-01
7.041015625000000000e-01
7.265625000000000000e-01
7.285156250000000000e-01
6.621093750000000000e-01
7.392578125000000000e-01
5.917968750000000000e-01
7.509765625000000000e-01
5.214843750000000000e-01
7.568359375000000000e-01
4.472656250000000000e-01
