2.441406250000000000e-01
4.091796875000000000e-01
2.500000000000000000e-01
4.824218750000000000e-01
2.617187500000000000e-01
5.517578125000000000e-01
2.763671875000000000e-01
6.181640625000000000e-01
3.095703125000000000e-01
6.738281250000000000e-01
3.554687500000000000e-01
7.207031250000000000e-01
4.033203125000000000e-01
7.626953125000000000e-01
4.511718750000000000e-01
8.017578125000000000e-01
5.048828125000000000e-01
8.173828125000000000e-01
5.595703125000000000e-01
8.076171875000000000e-01
6.132812500000000000e-01
7.734375000000000000e-01
6.669921875000000000e-01
7.333984375000000000e-01
7.167968750000000000e-01
6.835937500000000000e-01
7.509765625000000000e-01
6.240234375000000000e-01
7.705078125000000000e-01
5.546875000000000000e-01
7.851562500000000000e-01
4.785156250000000000e-01
7.949218750000000000e-01
3.974609375000000000e-01
