1.806640625000000000e-01
5.058593750000000000e-01
1.865234375000000000e-01
5.839843750000000000e-01
1.972656250000000000e-01
6.601562500000000000e-01
2.177734375000000000e-01
7.333984375000000000e-01
2.539062500000000000e-01
8.017578125000000000e-01
3.095703125000000000e-01
8.583984375000000000e-01
3.789062500000000000e-01
9.013671875000000000e-01
4.501953125000000000e-01
9.355468750000000000e-01
5.234375000000000000e-01
9.443359375000000000e-01
5.947265625000000000e-01
9.257812500000000000e-01
6.542968750000000000e-01
8.837890625000000000e-01
7.041015625000000000e-01
8.349609375000000000e-01
7.431640625000000000e-01
7.783203125000000000e-01
7.607421875000000000e-01
7.089843750000000000e-01
7.646484375000000000e-01
6.406250000000000000e-01
7.646484375000000000e-01
5.732421875000000000e-01
7.626953125000000000e-01
5.029296875000000000e-01
