1.796875000000000000e-01
4.970703125000000000e-01
1.845703125000000000e-01
5.712890625000000000e-01
1.933593750000000000e-01
6.464843750000000000e-01
2.099609375000000000e-01
7.207031250000000000e-01
2.412109375000000000e-01
7.900390625000000000e-01
2.939453125000000000e-01
8.476562500000000000e-01
3.574218750000000000e-01
8.916015625000000000e-01
4.306640625000000000e-01
9.238281250000000000e-01
5.048828125000000000e-01
9.316406250000000000e-01
5.761718750000000000e-01
9.160156250000000000e-01
6.367187500000000000e-01
8.730468750000000000e-01
6.875000000000000000e-01
8.193359375000000000e-01
7.216796875000000000e-01
7.587890625000000000e-01
7.363281250000000000e-01
6.894531250000000000e-01
7.460937500000000000e-01
6.201171875000000000e-01
7.490234375000000000e-01
5.537109375000000000e-01
7.431640625000000000e-01
4.873046875000000000e-01
