2.031250000000000000e-01
4.492187500000000000e-01
2.167968750000000000e-01
5.244140625000000000e-01
2.324218750000000000e-01
5.957031250000000000e-01
2.470703125000000000e-01
6.669921875000000000e-01
2.763671875000000000e-01
7.314453125000000000e-01
3.251953125000000000e-01
7.802734375000000000e-01
3.876953125000000000e-01
8.134765625000000000e-01
4.482421875000000000e-01
8.398437500000000000e-01
5.068359375000000000e-01
8.486328125000000000e-01
5.664062500000000000e-01
8.369140625000000000e-01
6.201171875000000000e-01
8.076171875000000000e-01
6.757812500000000000e-01
7.724609375000000000e-01
7.167968750000000000e-01
7.246093750000000000e-01
7.421875000000000000e-01
6.611328125000000000e-01
7.548828125000000000e-01
5.927734375000000000e-01
7.685546875000000000e-01
5.205078125000000000e-01
7.792968750000000000e-01
4.462890625000000000e-01
