2.617187500000000000e-01
4.726562500000000000e-01
2.617187500000000000e-01
5.468750000000000000e-01
2.705078125000000000e-01
6.191406250000000000e-01
2.851562500000000000e-01
6.894531250000000000e-01
3.066406250000000000e-01
7.607421875000000000e-01
3.427734375000000000e-01
8.261718750000000000e-01
3.847656250000000000e-01
8.847656250000000000e-01
4.335937500000000000e-01
9.335937500000000000e-01
4.990234375000000000e-01
9.492187500000000000e-01
5.742187500000000000e-01
9.375000000000000000e-01
6.503906250000000000e-01
8.994140625000000000e-01
7.216796875000000000e-01
8.535156250000000000e-01
7.822265625000000000e-01
7.939453125000000000e-01
8.164062500000000000e-01
7.207031250000000000e-01
8.310546875000000000e-01
6.396484375000000000e-01
8.369140625000000000e-01
5.556640625000000000e-01
8.427734375000000000e-01
4.707031250000000000e-01
