2.031250000000000000e-01
4.296875000000000000e-01
2.148437500000000000e-01
5.117187500000000000e-01
2.333984375000000000e-01
5.898437500000000000e-01
2.509765625000000000e-01
6.650390625000000000e-01
2.792968750000000000e-01
7.333984375000000000e-01
3.271484375000000000e-01
7.900390625000000000e-01
3.828125000000000000e-01
8.369140625000000000e-01
4.404296875000000000e-01
8.759765625000000000e-01
5.019531250000000000e-01
8.857421875000000000e-01
5.605468750000000000e-01
8.710937500000000000e-01
6.142578125000000000e-01
8.310546875000000000e-01
6.660156250000000000e-01
7.851562500000000000e-01
7.099609375000000000e-01
7.285156250000000000e-01
7.363281250000000000e-01
6.621093750000000000e-01
7.519531250000000000e-01
5.869140625000000000e-01
7.656250000000000000e-01
5.097656250000000000e-01
7.753906250000000000e-01
4.287109375000000000e-01
