1.826171875000000000e-01
4.882812500000000000e-01
1.904296875000000000e-01
5.644531250000000000e-01
2.021484375000000000e-01
6.425781250000000000e-01
2.167968750000000000e-01
7.138671875000000000e-01
2.509765625000000000e-01
7.763671875000000000e-01
2.998046875000000000e-01
8.291015625000000000e-01
3.554687500000000000e-01
8.720703125000000000e-01
4.179687500000000000e-01
9.062500000000000000e-01
4.814453125000000000e-01
9.208984375000000000e-01
5.449218750000000000e-01
9.121093750000000000e-01
5.996093750000000000e-01
8.710937500000000000e-01
6.464843750000000000e-01
8.203125000000000000e-01
6.894531250000000000e-01
7.646484375000000000e-01
7.177734375000000000e-01
7.011718750000000000e-01
7.373046875000000000e-01
6.328125000000000000e-01
7.480468750000000000e-01
5.605468750000000000e-01
7.500000000000000000e-01
4.843750000000000000e-01
