2.392578125000000000e-01
5.273437500000000000e-01
2.412109375000000000e-01
5.927734375000000000e-01
2.460937500000000000e-01
6.591796875000000000e-01
2.568359375000000000e-01
7.265625000000000000e-01
2.792968750000000000e-01
7.900390625000000000e-01
3.164062500000000000e-01
8.447265625000000000e-01
3.691406250000000000e-01
8.886718750000000000e-01
4.306640625000000000e-01
9.228515625000000000e-01
5.068359375000000000e-01
9.306640625000000000e-01
5.839843750000000000e-01
9.179687500000000000e-01
6.523437500000000000e-01
8.818359375000000000e-01
7.148437500000000000e-01
8.388671875000000000e-01
7.617187500000000000e-01
7.841796875000000000e-01
7.890625000000000000e-01
7.216796875000000000e-01
8.046875000000000000e-01
6.503906250000000000e-01
8.085937500000000000e-01
5.800781250000000000e-01
8.095703125000000000e-01
5.087890625000000000e-01
