2.382812500000000000e-01
4.804687500000000000e-01
2.480468750000000000e-01
5.498046875000000000e-01
2.636718750000000000e-01
6.162109375000000000e-01
2.832031250000000000e-01
6.796875000000000000e-01
3.095703125000000000e-01
7.382812500000000000e-01
3.466796875000000000e-01
7.910156250000000000e-01
3.955078125000000000e-01
8.339843750000000000e-01
4.472656250000000000e-01
8.681640625000000000e-01
5.029296875000000000e-01
8.779296875000000000e-01
5.605468750000000000e-01
8.652343750000000000e-01
6.142578125000000000e-01
8.339843750000000000e-01
6.660156250000000000e-01
7.949218750000000000e-01
7.050781250000000000e-01
7.460937500000000000e-01
7.343750000000000000e-01
6.865234375000000000e-01
7.548828125000000000e-01
6.220703125000000000e-01
7.714843750000000000e-01
5.556640625000000000e-01
7.841796875000000000e-01
4.853515625000000000e-01
