1.835937500000000000e-01
5.253906250000000000e-01
1.914062500000000000e-01
6.005859375000000000e-01
2.021484375000000000e-01
6.757812500000000000e-01
2.207031250000000000e-01
7.480468750000000000e-01
2.519531250000000000e-01
8.105468750000000000e-01
3.017578125000000000e-01
8.603515625000000000e-01
3.642578125000000000e-01
8.974609375000000000e-01
4.316406250000000000e-01
9.248046875000000000e-01
5.009765625000000000e-01
9.326171875000000000e-01
5.654296875000000000e-01
9.169921875000000000e-01
6.240234375000000000e-01
8.828125000000000000e-01
6.777343750000000000e-01
8.408203125000000000e-01
7.167968750000000000e-01
7.880859375000000000e-01
7.392578125000000000e-01
7.265625000000000000e-01
7.500000000000000000e-01
6.582031250000000000e-01
7.568359375000000000e-01
5.927734375000000000e-01
7.617187500000000000e-01
5.244140625000000000e-01
