2.275390625000000000e-01
4.804687500000000000e-01
2.304687500000000000e-01
5.488281250000000000e-01
2.412109375000000000e-01
6.181640625000000000e-01
2.548828125000000000e-01
6.865234375000000000e-01
2.841796875000000000e-01
7.460937500000000000e-01
3.251953125000000000e-01
7.978515625000000000e-01
3.740234375000000000e-01
8.437500000000000000e-01
4.296875000000000000e-01
8.818359375000000000e-01
4.912109375000000000e-01
8.964843750000000000e-01
5.527343750000000000e-01
8.818359375000000000e-01
6.103515625000000000e-01
8.408203125000000000e-01
6.630859375000000000e-01
7.919921875000000000e-01
7.070312500000000000e-01
7.373046875000000000e-01
7.333984375000000000e-01
6.738281250000000000e-01
7.460937500000000000e-01
6.054687500000000000e-01
7.578125000000000000e-01
5.371093750000000000e-01
7.656250000000000000e-01
4.658203125000000000e-01
