2.031250000000000000e-01
4.873046875000000000e-01
2.041015625000000000e-01
5.585937500000000000e-01
2.128906250000000000e-01
6.298828125000000000e-01
2.294921875000000000e-01
6.992187500000000000e-01
2.568359375000000000e-01
7.646484375000000000e-01
3.027343750000000000e-01
8.222656250000000000e-01
3.613281250000000000e-01
8.710937500000000000e-01
4.267578125000000000e-01
9.082031250000000000e-01
5.019531250000000000e-01
9.169921875000000000e-01
5.722656250000000000e-01
9.042968750000000000e-01
6.289062500000000000e-01
8.662109375000000000e-01
6.748046875000000000e-01
8.183593750000000000e-01
7.109375000000000000e-01
7.617187500000000000e-01
7.304687500000000000e-01
6.972656250000000000e-01
7.431640625000000000e-01
6.328125000000000000e-01
7.490234375000000000e-01
5.664062500000000000e-01
7.500000000000000000e-01
5.019531250000000000e-01
