2.480468750000000000e-01
4.843750000000000000e-01
2.587890625000000000e-01
5.527343750000000000e-01
2.734375000000000000e-01
6.210937500000000000e-01
2.890625000000000000e-01
6.884765625000000000e-01
3.125000000000000000e-01
7.529296875000000000e-01
3.466796875000000000e-01
8.105468750000000000e-01
3.876953125000000000e-01
8.662109375000000000e-01
4.375000000000000000e-01
9.111328125000000000e-01
4.970703125000000000e-01
9.267578125000000000e-01
5.625000000000000000e-01
9.160156250000000000e-01
6.250000000000000000e-01
8.798828125000000000e-01
6.757812500000000000e-01
8.291015625000000000e-01
7.197265625000000000e-01
7.705078125000000000e-01
7.470703125000000000e-01
7.031250000000000000e-01
7.675781250000000000e-01
6.289062500000000000e-01
7.841796875000000000e-01
5.537109375000000000e-01
7.968750000000000000e-01
4.765625000000000000e-01
