2.236328125000000000e-01
4.414062500000000000e-01
2.333984375000000000e-01
5.126953125000000000e-01
2.451171875000000000e-01
5.830078125000000000e-01
2.597656250000000000e-01
6.572265625000000000e-01
2.841796875000000000e-01
7.255859375000000000e-01
3.291015625000000000e-01
7.822265625000000000e-01
3.847656250000000000e-01
8.271484375000000000e-01
4.433593750000000000e-01
8.642578125000000000e-01
5.058593750000000000e-01
8.779296875000000000e-01
5.742187500000000000e-01
8.681640625000000000e-01
6.435546875000000000e-01
8.339843750000000000e-01
7.099609375000000000e-01
7.919921875000000000e-01
7.626953125000000000e-01
7.353515625000000000e-01
7.929687500000000000e-01
6.660156250000000000e-01
8.105468750000000000e-01
5.869140625000000000e-01
8.183593750000000000e-01
5.068359375000000000e-01
8.261718750000000000e-01
4.296875000000000000e-01
