2.333984375000000000e-01
4.345703125000000000e-01
2.402343750000000000e-01
5.048828125000000000e-01
2.558593750000000000e-01
5.751953125000000000e-01
2.705078125000000000e-01
6.445312500000000000e-01
2.939453125000000000e-01
7.109375000000000000e-01
3.369140625000000000e-01
7.714843750000000000e-01
3.916015625000000000e-01
8.242187500000000000e-01
4.492187500000000000e-01
8.691406250000000000e-01
5.136718750000000000e-01
8.808593750000000000e-01
5.800781250000000000e-01
8.671875000000000000e-01
6.406250000000000000e-01
8.222656250000000000e-01
6.982421875000000000e-01
7.695312500000000000e-01
7.431640625000000000e-01
7.119140625000000000e-01
7.675781250000000000e-01
6.464843750000000000e-01
7.832031250000000000e-01
5.791015625000000000e-01
7.988281250000000000e-01
5.048828125000000000e-01
8.046875000000000000e-01
4.306640625000000000e-01
