1.904296875000000000e-01
4.814453125000000000e-01
1.943359375000000000e-01
5.585937500000000000e-01
2.041015625000000000e-01
6.347656250000000000e-01
2.138671875000000000e-01
7.099609375000000000e-01
2.441406250000000000e-01
7.802734375000000000e-01
2.978515625000000000e-01
8.417968750000000000e-01
3.623046875000000000e-01
8.925781250000000000e-01
4.335937500000000000e-01
9.316406250000000000e-01
5.039062500000000000e-01
9.414062500000000000e-01
5.673828125000000000e-01
9.228515625000000000e-01
6.220703125000000000e-01
8.710937500000000000e-01
6.718750000000000000e-01
8.144531250000000000e-01
7.119140625000000000e-01
7.529296875000000000e-01
7.324218750000000000e-01
6.845703125000000000e-01
7.421875000000000000e-01
6.152343750000000000e-01
7.480468750000000000e-01
5.458984375000000000e-01
7.451171875000000000e-01
4.755859375000000000e-01
