2.626953125000000000e-01
4.648437500000000000e-01
2.656250000000000000e-01
5.351562500000000000e-01
2.744140625000000000e-01
6.035156250000000000e-01
2.851562500000000000e-01
6.718750000000000000e-01
3.076171875000000000e-01
7.353515625000000000e-01
3.476562500000000000e-01
7.900390625000000000e-01
3.955078125000000000e-01
8.398437500000000000e-01
4.453125000000000000e-01
8.867187500000000000e-01
5.019531250000000000e-01
9.042968750000000000e-01
5.654296875000000000e-01
8.955078125000000000e-01
6.289062500000000000e-01
8.603515625000000000e-01
6.923828125000000000e-01
8.183593750000000000e-01
7.470703125000000000e-01
7.636718750000000000e-01
7.812500000000000000e-01
6.953125000000000000e-01
8.027343750000000000e-01
6.191406250000000000e-01
8.183593750000000000e-01
5.400390625000000000e-01
8.271484375000000000e-01
4.580078125000000000e-01
