2.539062500000000000e-01
4.580078125000000000e-01
2.597656250000000000e-01
5.332031250000000000e-01
2.685546875000000000e-01
6.093750000000000000e-01
2.861328125000000000e-01
6.806640625000000000e-01
3.154296875000000000e-01
7.451171875000000000e-01
3.593750000000000000e-01
8.017578125000000000e-01
4.082031250000000000e-01
8.515625000000000000e-01
4.541015625000000000e-01
8.945312500000000000e-01
5.136718750000000000e-01
9.072265625000000000e-01
5.800781250000000000e-01
8.945312500000000000e-01
6.494140625000000000e-01
8.535156250000000000e-01
7.089843750000000000e-01
8.017578125000000000e-01
7.587890625000000000e-01
7.412109375000000000e-01
7.890625000000000000e-01
6.728515625000000000e-01
8.115234375000000000e-01
5.976562500000000000e-01
8.232421875000000000e-01
5.185546875000000000e-01
8.300781250000000000e-01
4.345703125000000000e-01
