2.197265625000000000e-01
5.058593750000000000e-01
2.275390625000000000e-01
5.761718750000000000e-01
2.373046875000000000e-01
6.455078125000000000e-01
2.519531250000000000e-01
7.138671875000000000e-01
2.753906250000000000e-01
7.773437500000000000e-01
3.144531250000000000e-01
8.330078125000000000e-01
3.671875000000000000e-01
8.808593750000000000e-01
4.306640625000000000e-01
9.189453125000000000e-01
5.029296875000000000e-01
9.287109375000000000e-01
5.751953125000000000e-01
9.179687500000000000e-01
6.367187500000000000e-01
8.818359375000000000e-01
6.865234375000000000e-01
8.320312500000000000e-01
7.255859375000000000e-01
7.724609375000000000e-01
7.451171875000000000e-01
7.089843750000000000e-01
7.539062500000000000e-01
6.396484375000000000e-01
7.568359375000000000e-01
5.732421875000000000e-01
7.607421875000000000e-01
5.039062500000000000e-01
