2.255859375000000000e-01
4.843750000000000000e-01
2.207031250000000000e-01
5.566406250000000000e-01
2.226562500000000000e-01
6.279296875000000000e-01
2.314453125000000000e-01
7.001953125000000000e-01
2.539062500000000000e-01
7.724609375000000000e-01
2.949218750000000000e-01
8.330078125000000000e-01
3.496093750000000000e-01
8.808593750000000000e-01
4.160156250000000000e-01
9.150390625000000000e-01
4.921875000000000000e-01
9.257812500000000000e-01
5.693359375000000000e-01
9.179687500000000000e-01
6.386718750000000000e-01
8.867187500000000000e-01
7.001953125000000000e-01
8.437500000000000000e-01
7.460937500000000000e-01
7.871093750000000000e-01
7.724609375000000000e-01
7.167968750000000000e-01
7.841796875000000000e-01
6.425781250000000000e-01
7.880859375000000000e-01
5.693359375000000000e-01
7.900390625000000000e-01
4.951171875000000000e-01
