2.001953125000000000e-01
4.921875000000000000e-01
1.992187500000000000e-01
5.615234375000000000e-01
2.070312500000000000e-01
6.328125000000000000e-01
2.197265625000000000e-01
7.050781250000000000e-01
2.480468750000000000e-01
7.734375000000000000e-01
2.958984375000000000e-01
8.271484375000000000e-01
3.593750000000000000e-01
8.691406250000000000e-01
4.306640625000000000e-01
8.945312500000000000e-01
5.019531250000000000e-01
9.003906250000000000e-01
5.654296875000000000e-01
8.857421875000000000e-01
6.201171875000000000e-01
8.505859375000000000e-01
6.669921875000000000e-01
8.027343750000000000e-01
6.972656250000000000e-01
7.451171875000000000e-01
7.138671875000000000e-01
6.796875000000000000e-01
7.255859375000000000e-01
6.181640625000000000e-01
7.314453125000000000e-01
5.537109375000000000e-01
7.255859375000000000e-01
4.912109375000000000e-01
