2.568359375000000000e-01
4.921875000000000000e-01
2.568359375000000000e-01
5.644531250000000000e-01
2.646484375000000000e-01
6.347656250000000000e-01
2.763671875000000000e-01
7.080078125000000000e-01
2.958984375000000000e-01
7.763671875000000000e-01
3.291015625000000000e-01
8.398437500000000000e-01
3.720703125000000000e-01
8.935546875000000000e-01
4.267578125000000000e-01
9.345703125000000000e-01
4.931640625000000000e-01
9.531250000000000000e-01
5.654296875000000000e-01
9.453125000000000000e-01
6.328125000000000000e-01
9.140625000000000000e-01
6.914062500000000000e-01
8.681640625000000000e-01
7.382812500000000000e-01
8.076171875000000000e-01
7.685546875000000000e-01
7.402343750000000000e-01
7.861328125000000000e-01
6.640625000000000000e-01
7.978515625000000000e-01
5.869140625000000000e-01
8.046875000000000000e-01
5.068359375000000000e-01
