2.187500000000000000e-01
4.707031250000000000e-01
2.294921875000000000e-01
5.468750000000000000e-01
2.431640625000000000e-01
6.191406250000000000e-01
2.578125000000000000e-01
6.904296875000000000e-01
2.841796875000000000e-01
7.548828125000000000e-01
3.300781250000000000e-01
8.085937500000000000e-01
3.828125000000000000e-01
8.583984375000000000e-01
4.414062500000000000e-01
8.994140625000000000e-01
5.087890625000000000e-01
9.091796875000000000e-01
5.751953125000000000e-01
8.964843750000000000e-01
6.318359375000000000e-01
8.574218750000000000e-01
6.826171875000000000e-01
8.095703125000000000e-01
7.216796875000000000e-01
7.539062500000000000e-01
7.441406250000000000e-01
6.875000000000000000e-01
7.568359375000000000e-01
6.171875000000000000e-01
7.705078125000000000e-01
5.468750000000000000e-01
7.822265625000000000e-01
4.716796875000000000e-01
