2.324218750000000000e-01
5.361328125000000000e-01
2.373046875000000000e-01
6.005859375000000000e-01
2.470703125000000000e-01
6.650390625000000000e-01
2.636718750000000000e-01
7.265625000000000000e-01
2.919921875000000000e-01
7.841796875000000000e-01
3.300781250000000000e-01
8.369140625000000000e-01
3.759765625000000000e-01
8.857421875000000000e-01
4.257812500000000000e-01
9.316406250000000000e-01
4.912109375000000000e-01
9.501953125000000000e-01
5.605468750000000000e-01
9.423828125000000000e-01
6.220703125000000000e-01
9.062500000000000000e-01
6.767578125000000000e-01
8.593750000000000000e-01
7.246093750000000000e-01
8.037109375000000000e-01
7.558593750000000000e-01
7.373046875000000000e-01
7.724609375000000000e-01
6.660156250000000000e-01
7.822265625000000000e-01
5.937500000000000000e-01
7.890625000000000000e-01
5.244140625000000000e-01
