2.587890625000000000e-01
4.863281250000000000e-01
2.519531250000000000e-01
5.507812500000000000e-01
2.519531250000000000e-01
6.162109375000000000e-01
2.607421875000000000e-01
6.845703125000000000e-01
2.744140625000000000e-01
7.529296875000000000e-01
2.998046875000000000e-01
8.173828125000000000e-01
3.398437500000000000e-01
8.740234375000000000e-01
3.955078125000000000e-01
9.199218750000000000e-01
4.677734375000000000e-01
9.384765625000000000e-01
5.488281250000000000e-01
9.306640625000000000e-01
6.328125000000000000e-01
9.033203125000000000e-01
7.089843750000000000e-01
8.623046875000000000e-01
7.685546875000000000e-01
8.027343750000000000e-01
8.027343750000000000e-01
7.304687500000000000e-01
8.212890625000000000e-01
6.542968750000000000e-01
8.349609375000000000e-01
5.791015625000000000e-01
8.476562500000000000e-01
5.009765625000000000e-01
