2.470703125000000000e-01
4.736328125000000000e-01
2.470703125000000000e-01
5.439453125000000000e-01
2.529296875000000000e-01
6.171875000000000000e-01
2.656250000000000000e-01
6.894531250000000000e-01
2.880859375000000000e-01
7.558593750000000000e-01
3.281250000000000000e-01
8.154296875000000000e-01
3.779296875000000000e-01
8.681640625000000000e-01
4.345703125000000000e-01
9.101562500000000000e-01
5.058593750000000000e-01
9.218750000000000000e-01
5.800781250000000000e-01
9.111328125000000000e-01
6.484375000000000000e-01
8.720703125000000000e-01
7.099609375000000000e-01
8.222656250000000000e-01
7.597656250000000000e-01
7.626953125000000000e-01
7.861328125000000000e-01
6.904296875000000000e-01
8.007812500000000000e-01
6.152343750000000000e-01
8.085937500000000000e-01
5.380859375000000000e-01
8.105468750000000000e-01
4.638671875000000000e-01
