2.167968750000000000e-01
4.941406250000000000e-01
2.177734375000000000e-01
5.654296875000000000e-01
2.226562500000000000e-01
6.396484375000000000e-01
2.343750000000000000e-01
7.148437500000000000e-01
2.597656250000000000e-01
7.861328125000000000e-01
3.027343750000000000e-01
8.447265625000000000e-01
3.564453125000000000e-01
8.974609375000000000e-01
4.179687500000000000e-01
9.394531250000000000e-01
4.882812500000000000e-01
9.570312500000000000e-01
5.634765625000000000e-01
9.443359375000000000e-01
6.337890625000000000e-01
9.082031250000000000e-01
6.982421875000000000e-01
8.603515625000000000e-01
7.480468750000000000e-01
8.007812500000000000e-01
7.753906250000000000e-01
7.314453125000000000e-01
7.900390625000000000e-01
6.552734375000000000e-01
7.968750000000000000e-01
5.781250000000000000e-01
8.017578125000000000e-01
5.019531250000000000e-01
