2.509765625000000000e-01
4.882812500000000000e-01
2.509765625000000000e-01
5.625000000000000000e-01
2.587890625000000000e-01
6.386718750000000000e-01
2.744140625000000000e-01
7.128906250000000000e-01
3.037109375000000000e-01
7.812500000000000000e-01
3.427734375000000000e-01
8.408203125000000000e-01
3.896484375000000000e-01
8.906250000000000000e-01
4.423828125000000000e-01
9.306640625000000000e-01
5.068359375000000000e-01
9.414062500000000000e-01
5.703125000000000000e-01
9.267578125000000000e-01
6.279296875000000000e-01
8.867187500000000000e-01
6.767578125000000000e-01
8.349609375000000000e-01
7.148437500000000000e-01
7.753906250000000000e-01
7.441406250000000000e-01
7.109375000000000000e-01
7.626953125000000000e-01
6.416015625000000000e-01
7.753906250000000000e-01
5.683593750000000000e-01
7.812500000000000000e-01
4.921875000000000000e-01
