2.607421875000000000e-01
4.882812500000000000e-01
2.617187500000000000e-01
5.566406250000000000e-01
2.666015625000000000e-01
6.250000000000000000e-01
2.802734375000000000e-01
6.914062500000000000e-01
3.046875000000000000e-01
7.558593750000000000e-01
3.417968750000000000e-01
8.164062500000000000e-01
3.876953125000000000e-01
8.701171875000000000e-01
4.365234375000000000e-01
9.150390625000000000e-01
4.980468750000000000e-01
9.306640625000000000e-01
5.654296875000000000e-01
9.199218750000000000e-01
6.298828125000000000e-01
8.857421875000000000e-01
6.894531250000000000e-01
8.378906250000000000e-01
7.392578125000000000e-01
7.812500000000000000e-01
7.744140625000000000e-01
7.167968750000000000e-01
7.958984375000000000e-01
6.474609375000000000e-01
8.095703125000000000e-01
5.751953125000000000e-01
8.183593750000000000e-01
5.000000000000000000e-01
