2.558593750000000000e-01
4.804687500000000000e-01
2.460937500000000000e-01
5.478515625000000000e-01
2.451171875000000000e-01
6.162109375000000000e-01
2.529296875000000000e-01
6.826171875000000000e-01
2.763671875000000000e-01
7.490234375000000000e-01
3.154296875000000000e-01
8.076171875000000000e-01
3.623046875000000000e-01
8.603515625000000000e-01
4.130859375000000000e-01
9.072265625000000000e-01
4.785156250000000000e-01
9.277343750000000000e-01
5.498046875000000000e-01
9.179687500000000000e-01
6.240234375000000000e-01
8.828125000000000000e-01
6.943359375000000000e-01
8.388671875000000000e-01
7.548828125000000000e-01
7.841796875000000000e-01
7.910156250000000000e-01
7.158203125000000000e-01
8.046875000000000000e-01
6.386718750000000000e-01
8.105468750000000000e-01
5.625000000000000000e-01
8.134765625000000000e-01
4.892578125000000000e-01
