1.689453125000000000e-01
4.072265625000000000e-01
1.796875000000000000e-01
4.902343750000000000e-01
1.943359375000000000e-01
5.712890625000000000e-01
2.148437500000000000e-01
6.474609375000000000e-01
2.500000000000000000e-01
7.158203125000000000e-01
3.027343750000000000e-01
7.714843750000000000e-01
3.652343750000000000e-01
8.134765625000000000e-01
4.267578125000000000e-01
8.486328125000000000e-01
4.873046875000000000e-01
8.574218750000000000e-01
5.429687500000000000e-01
8.447265625000000000e-01
5.966796875000000000e-01
8.076171875000000000e-01
6.494140625000000000e-01
7.636718750000000000e-01
6.943359375000000000e-01
7.089843750000000000e-01
7.226562500000000000e-01
6.435546875000000000e-01
7.363281250000000000e-01
5.732421875000000000e-01
7.480468750000000000e-01
5.009765625000000000e-01
7.578125000000000000e-01
4.277343750000000000e-01
