2.089843750000000000e-01
4.843750000000000000e-01
2.080078125000000000e-01
5.576171875000000000e-01
2.187500000000000000e-01
6.298828125000000000e-01
2.363281250000000000e-01
6.992187500000000000e-01
2.636718750000000000e-01
7.646484375000000000e-01
3.076171875000000000e-01
8.203125000000000000e-01
3.642578125000000000e-01
8.681640625000000000e-01
4.287109375000000000e-01
9.042968750000000000e-01
5.019531250000000000e-01
9.140625000000000000e-01
5.673828125000000000e-01
8.984375000000000000e-01
6.269531250000000000e-01
8.593750000000000000e-01
6.816406250000000000e-01
8.085937500000000000e-01
7.226562500000000000e-01
7.500000000000000000e-01
7.451171875000000000e-01
6.835937500000000000e-01
7.578125000000000000e-01
6.132812500000000000e-01
7.646484375000000000e-01
5.429687500000000000e-01
7.617187500000000000e-01
4.765625000000000000e-01
