2.187500000000000000e-01
4.257812500000000000e-01
2.314453125000000000e-01
5.029296875000000000e-01
2.509765625000000000e-01
5.751953125000000000e-01
2.685546875000000000e-01
6.435546875000000000e-01
2.978515625000000000e-01
7.070312500000000000e-01
3.447265625000000000e-01
7.587890625000000000e-01
3.955078125000000000e-01
8.027343750000000000e-01
4.453125000000000000e-01
8.417968750000000000e-01
4.951171875000000000e-01
8.544921875000000000e-01
5.439453125000000000e-01
8.427734375000000000e-01
5.908203125000000000e-01
8.066406250000000000e-01
6.406250000000000000e-01
7.656250000000000000e-01
6.875000000000000000e-01
7.167968750000000000e-01
7.187500000000000000e-01
6.572265625000000000e-01
7.363281250000000000e-01
5.888671875000000000e-01
7.539062500000000000e-01
5.175781250000000000e-01
7.675781250000000000e-01
4.404296875000000000e-01
