1.914062500000000000e-01
4.863281250000000000e-01
1.904296875000000000e-01
5.595703125000000000e-01
1.982421875000000000e-01
6.367187500000000000e-01
2.158203125000000000e-01
7.119140625000000000e-01
2.490234375000000000e-01
7.792968750000000000e-01
2.978515625000000000e-01
8.378906250000000000e-01
3.613281250000000000e-01
8.857421875000000000e-01
4.296875000000000000e-01
9.179687500000000000e-01
4.990234375000000000e-01
9.267578125000000000e-01
5.634765625000000000e-01
9.111328125000000000e-01
6.083984375000000000e-01
8.632812500000000000e-01
6.503906250000000000e-01
8.085937500000000000e-01
6.835937500000000000e-01
7.500000000000000000e-01
7.070312500000000000e-01
6.835937500000000000e-01
7.236328125000000000e-01
6.181640625000000000e-01
7.275390625000000000e-01
5.527343750000000000e-01
7.167968750000000000e-01
4.892578125000000000e-01
