2.119140625000000000e-01
4.902343750000000000e-01
2.128906250000000000e-01
5.644531250000000000e-01
2.187500000000000000e-01
6.386718750000000000e-01
2.343750000000000000e-01
7.138671875000000000e-01
2.646484375000000000e-01
7.812500000000000000e-01
3.095703125000000000e-01
8.417968750000000000e-01
3.632812500000000000e-01
8.964843750000000000e-01
4.267578125000000000e-01
9.384765625000000000e-01
5.000000000000000000e-01
9.521484375000000000e-01
5.732421875000000000e-01
9.414062500000000000e-01
6.386718750000000000e-01
9.033203125000000000e-01
6.904296875000000000e-01
8.515625000000000000e-01
7.285156250000000000e-01
7.880859375000000000e-01
7.529296875000000000e-01
7.167968750000000000e-01
7.656250000000000000e-01
6.445312500000000000e-01
7.744140625000000000e-01
5.712890625000000000e-01
7.783203125000000000e-01
4.951171875000000000e-01
