2.333984375000000000e-01
5.019531250000000000e-01
2.343750000000000000e-01
5.712890625000000000e-01
2.402343750000000000e-01
6.425781250000000000e-01
2.519531250000000000e-01
7.138671875000000000e-01
2.714843750000000000e-01
7.802734375000000000e-01
3.056640625000000000e-01
8.398437500000000000e-01
3.554687500000000000e-01
8.867187500000000000e-01
4.169921875000000000e-01
9.228515625000000000e-01
4.873046875000000000e-01
9.375000000000000000e-01
5.615234375000000000e-01
9.248046875000000000e-01
6.298828125000000000e-01
8.906250000000000000e-01
6.894531250000000000e-01
8.476562500000000000e-01
7.314453125000000000e-01
7.900390625000000000e-01
7.568359375000000000e-01
7.226562500000000000e-01
7.724609375000000000e-01
6.513671875000000000e-01
7.832031250000000000e-01
5.820312500000000000e-01
7.900390625000000000e-01
5.126953125000000000e-01
