2.324218750000000000e-01
4.824218750000000000e-01
2.382812500000000000e-01
5.566406250000000000e-01
2.500000000000000000e-01
6.289062500000000000e-01
2.636718750000000000e-01
7.021484375000000000e-01
2.832031250000000000e-01
7.714843750000000000e-01
3.164062500000000000e-01
8.359375000000000000e-01
3.652343750000000000e-01
8.867187500000000000e-01
4.248046875000000000e-01
9.228515625000000000e-01
4.960937500000000000e-01
9.345703125000000000e-01
5.664062500000000000e-01
9.218750000000000000e-01
6.308593750000000000e-01
8.847656250000000000e-01
6.835937500000000000e-01
8.320312500000000000e-01
7.216796875000000000e-01
7.724609375000000000e-01
7.460937500000000000e-01
7.050781250000000000e-01
7.617187500000000000e-01
6.347656250000000000e-01
7.753906250000000000e-01
5.654296875000000000e-01
7.832031250000000000e-01
4.931640625000000000e-01
