2.705078125000000000e-01
4.765625000000000000e-01
2.646484375000000000e-01
5.439453125000000000e-01
2.695312500000000000e-01
6.074218750000000000e-01
2.822265625000000000e-01
6.718750000000000000e-01
3.066406250000000000e-01
7.294921875000000000e-01
3.466796875000000000e-01
7.802734375000000000e-01
3.906250000000000000e-01
8.291015625000000000e-01
4.414062500000000000e-01
8.720703125000000000e-01
5.029296875000000000e-01
8.857421875000000000e-01
5.644531250000000000e-01
8.750000000000000000e-01
6.250000000000000000e-01
8.388671875000000000e-01
6.816406250000000000e-01
7.968750000000000000e-01
7.294921875000000000e-01
7.451171875000000000e-01
7.587890625000000000e-01
6.826171875000000000e-01
7.734375000000000000e-01
6.142578125000000000e-01
7.832031250000000000e-01
5.458984375000000000e-01
7.871093750000000000e-01
4.746093750000000000e-01
