1.884765625000000000e-01
4.013671875000000000e-01
1.962890625000000000e-01
4.863281250000000000e-01
2.099609375000000000e-01
5.683593750000000000e-01
2.275390625000000000e-01
6.464843750000000000e-01
2.597656250000000000e-01
7.138671875000000000e-01
3.115234375000000000e-01
7.705078125000000000e-01
3.671875000000000000e-01
8.173828125000000000e-01
4.277343750000000000e-01
8.544921875000000000e-01
4.892578125000000000e-01
8.632812500000000000e-01
5.449218750000000000e-01
8.457031250000000000e-01
5.917968750000000000e-01
7.998046875000000000e-01
6.376953125000000000e-01
7.509765625000000000e-01
6.806640625000000000e-01
6.962890625000000000e-01
7.089843750000000000e-01
6.328125000000000000e-01
7.265625000000000000e-01
5.615234375000000000e-01
7.363281250000000000e-01
4.902343750000000000e-01
7.412109375000000000e-01
4.169921875000000000e-01
