2.070312500000000000e-01
4.726562500000000000e-01
2.128906250000000000e-01
5.458984375000000000e-01
2.226562500000000000e-01
6.162109375000000000e-01
2.353515625000000000e-01
6.855468750000000000e-01
2.666015625000000000e-01
7.480468750000000000e-01
3.164062500000000000e-01
7.998046875000000000e-01
3.710937500000000000e-01
8.466796875000000000e-01
4.306640625000000000e-01
8.867187500000000000e-01
4.951171875000000000e-01
8.974609375000000000e-01
5.595703125000000000e-01
8.837890625000000000e-01
6.152343750000000000e-01
8.398437500000000000e-01
6.689453125000000000e-01
7.939453125000000000e-01
7.167968750000000000e-01
7.431640625000000000e-01
7.490234375000000000e-01
6.826171875000000000e-01
7.597656250000000000e-01
6.142578125000000000e-01
7.656250000000000000e-01
5.458984375000000000e-01
7.714843750000000000e-01
4.755859375000000000e-01
