2.177734375000000000e-01
4.541015625000000000e-01
2.226562500000000000e-01
5.322265625000000000e-01
2.324218750000000000e-01
6.093750000000000000e-01
2.451171875000000000e-01
6.855468750000000000e-01
2.714843750000000000e-01
7.568359375000000000e-01
3.173828125000000000e-01
8.203125000000000000e-01
3.710937500000000000e-01
8.759765625000000000e-01
4.335937500000000000e-01
9.238281250000000000e-01
5.039062500000000000e-01
9.375000000000000000e-01
5.742187500000000000e-01
9.218750000000000000e-01
6.328125000000000000e-01
8.750000000000000000e-01
6.835937500000000000e-01
8.183593750000000000e-01
7.275390625000000000e-01
7.548828125000000000e-01
7.548828125000000000e-01
6.835937500000000000e-01
7.695312500000000000e-01
6.083984375000000000e-01
7.763671875000000000e-01
5.312500000000000000e-01
7.783203125000000000e-01
4.531250000000000000e-01
