2.207031250000000000e-01
4.716796875000000000e-01
2.304687500000000000e-01
5.410156250000000000e-01
2.441406250000000000e-01
6.093750000000000000e-01
2.568359375000000000e-01
6.787109375000000000e-01
2.812500000000000000e-01
7.431640625000000000e-01
3.232421875000000000e-01
8.027343750000000000e-01
3.740234375000000000e-01
8.535156250000000000e-01
4.326171875000000000e-01
8.964843750000000000e-01
4.970703125000000000e-01
9.101562500000000000e-01
5.654296875000000000e-01
8.984375000000000000e-01
6.328125000000000000e-01
8.583984375000000000e-01
6.914062500000000000e-01
8.076171875000000000e-01
7.363281250000000000e-01
7.480468750000000000e-01
7.636718750000000000e-01
6.787109375000000000e-01
7.832031250000000000e-01
6.064453125000000000e-01
7.998046875000000000e-01
5.332031250000000000e-01
8.115234375000000000e-01
4.589843750000000000e-01
