2.226562500000000000e-01
4.912109375000000000e-01
2.275390625000000000e-01
5.634765625000000000e-01
2.373046875000000000e-01
6.337890625000000000e-01
2.500000000000000000e-01
7.031250000000000000e-01
2.734375000000000000e-01
7.666015625000000000e-01
3.125000000000000000e-01
8.203125000000000000e-01
3.613281250000000000e-01
8.652343750000000000e-01
4.189453125000000000e-01
9.023437500000000000e-01
4.853515625000000000e-01
9.179687500000000000e-01
5.556640625000000000e-01
9.121093750000000000e-01
6.250000000000000000e-01
8.857421875000000000e-01
6.904296875000000000e-01
8.476562500000000000e-01
7.421875000000000000e-01
7.949218750000000000e-01
7.724609375000000000e-01
7.285156250000000000e-01
7.880859375000000000e-01
6.542968750000000000e-01
7.988281250000000000e-01
5.791015625000000000e-01
8.066406250000000000e-01
5.019531250000000000e-01
