2.187500000000000000e-01
4.853515625000000000e-01
2.187500000000000000e-01
5.527343750000000000e-01
2.246093750000000000e-01
6.210937500000000000e-01
2.363281250000000000e-01
6.914062500000000000e-01
2.607421875000000000e-01
7.568359375000000000e-01
3.017578125000000000e-01
8.154296875000000000e-01
3.574218750000000000e-01
8.652343750000000000e-01
4.228515625000000000e-01
9.003906250000000000e-01
4.990234375000000000e-01
9.121093750000000000e-01
5.732421875000000000e-01
9.023437500000000000e-01
6.318359375000000000e-01
8.652343750000000000e-01
6.806640625000000000e-01
8.154296875000000000e-01
7.167968750000000000e-01
7.578125000000000000e-01
7.363281250000000000e-01
6.933593750000000000e-01
7.451171875000000000e-01
6.269531250000000000e-01
7.519531250000000000e-01
5.605468750000000000e-01
7.519531250000000000e-01
4.960937500000000000e-01
