2.587890625000000000e-01
5.146484375000000000e-01
2.500000000000000000e-01
5.859375000000000000e-01
2.509765625000000000e-01
6.572265625000000000e-01
2.597656250000000000e-01
7.246093750000000000e-01
2.753906250000000000e-01
7.919921875000000000e-01
3.037109375000000000e-01
8.486328125000000000e-01
3.466796875000000000e-01
8.984375000000000000e-01
3.994140625000000000e-01
9.306640625000000000e-01
4.697265625000000000e-01
9.394531250000000000e-01
5.488281250000000000e-01
9.326171875000000000e-01
6.269531250000000000e-01
9.121093750000000000e-01
7.011718750000000000e-01
8.779296875000000000e-01
7.578125000000000000e-01
8.281250000000000000e-01
7.939453125000000000e-01
7.636718750000000000e-01
8.134765625000000000e-01
6.904296875000000000e-01
8.251953125000000000e-01
6.152343750000000000e-01
8.339843750000000000e-01
5.361328125000000000e-01
