2.470703125000000000e-01
4.863281250000000000e-01
2.431640625000000000e-01
5.605468750000000000e-01
2.519531250000000000e-01
6.328125000000000000e-01
2.636718750000000000e-01
7.041015625000000000e-01
2.880859375000000000e-01
7.714843750000000000e-01
3.242187500000000000e-01
8.310546875000000000e-01
3.730468750000000000e-01
8.837890625000000000e-01
4.306640625000000000e-01
9.248046875000000000e-01
4.990234375000000000e-01
9.375000000000000000e-01
5.703125000000000000e-01
9.257812500000000000e-01
6.416015625000000000e-01
8.906250000000000000e-01
7.050781250000000000e-01
8.427734375000000000e-01
7.539062500000000000e-01
7.832031250000000000e-01
7.822265625000000000e-01
7.138671875000000000e-01
7.939453125000000000e-01
6.396484375000000000e-01
7.998046875000000000e-01
5.664062500000000000e-01
7.998046875000000000e-01
4.912109375000000000e-01
