1.826171875000000000e-01
5.263671875000000000e-01
1.894531250000000000e-01
6.005859375000000000e-01
1.992187500000000000e-01
6.787109375000000000e-01
2.177734375000000000e-01
7.548828125000000000e-01
2.539062500000000000e-01
8.222656250000000000e-01
3.134765625000000000e-01
8.769531250000000000e-01
3.837890625000000000e-01
9.179687500000000000e-01
4.531250000000000000e-01
9.482421875000000000e-01
5.244140625000000000e-01
9.580078125000000000e-01
5.888671875000000000e-01
9.414062500000000000e-01
6.416015625000000000e-01
8.955078125000000000e-01
6.894531250000000000e-01
8.486328125000000000e-01
7.304687500000000000e-01
7.968750000000000000e-01
7.558593750000000000e-01
7.363281250000000000e-01
7.626953125000000000e-01
6.689453125000000000e-01
7.626953125000000000e-01
6.005859375000000000e-01
7.539062500000000000e-01
5.351562500000000000e-01
