2.412109375000000000e-01
4.960937500000000000e-01
2.363281250000000000e-01
5.566406250000000000e-01
2.382812500000000000e-01
6.191406250000000000e-01
2.460937500000000000e-01
6.855468750000000000e-01
2.587890625000000000e-01
7.539062500000000000e-01
2.929687500000000000e-01
8.154296875000000000e-01
3.476562500000000000e-01
8.652343750000000000e-01
4.140625000000000000e-01
9.033203125000000000e-01
4.921875000000000000e-01
9.140625000000000000e-01
5.751953125000000000e-01
9.033203125000000000e-01
6.572265625000000000e-01
8.710937500000000000e-01
7.324218750000000000e-01
8.291015625000000000e-01
7.890625000000000000e-01
7.724609375000000000e-01
8.193359375000000000e-01
7.070312500000000000e-01
8.349609375000000000e-01
6.347656250000000000e-01
8.398437500000000000e-01
5.644531250000000000e-01
8.447265625000000000e-01
4.951171875000000000e-01
