2.099609375000000000e-01
4.970703125000000000e-01
2.177734375000000000e-01
5.625000000000000000e-01
2.324218750000000000e-01
6.250000000000000000e-01
2.490234375000000000e-01
6.855468750000000000e-01
2.744140625000000000e-01
7.441406250000000000e-01
3.164062500000000000e-01
7.900390625000000000e-01
3.750000000000000000e-01
8.242187500000000000e-01
4.365234375000000000e-01
8.466796875000000000e-01
5.000000000000000000e-01
8.515625000000000000e-01
5.585937500000000000e-01
8.378906250000000000e-01
6.103515625000000000e-01
8.115234375000000000e-01
6.611328125000000000e-01
7.792968750000000000e-01
6.982421875000000000e-01
7.343750000000000000e-01
7.187500000000000000e-01
6.757812500000000000e-01
7.304687500000000000e-01
6.162109375000000000e-01
7.421875000000000000e-01
5.585937500000000000e-01
7.490234375000000000e-01
4.980468750000000000e-01
