2.402343750000000000e-01
4.492187500000000000e-01
2.470703125000000000e-01
5.205078125000000000e-01
2.578125000000000000e-01
5.908203125000000000e-01
2.705078125000000000e-01
6.582031250000000000e-01
2.919921875000000000e-01
7.236328125000000000e-01
3.291015625000000000e-01
7.832031250000000000e-01
3.779296875000000000e-01
8.349609375000000000e-01
4.345703125000000000e-01
8.740234375000000000e-01
5.000000000000000000e-01
8.857421875000000000e-01
5.654296875000000000e-01
8.750000000000000000e-01
6.240234375000000000e-01
8.359375000000000000e-01
6.748046875000000000e-01
7.851562500000000000e-01
7.138671875000000000e-01
7.265625000000000000e-01
7.382812500000000000e-01
6.572265625000000000e-01
7.519531250000000000e-01
5.849609375000000000e-01
7.617187500000000000e-01
5.107421875000000000e-01
7.675781250000000000e-01
4.394531250000000000e-01
