1.904296875000000000e-01
4.814453125000000000e-01
1.992187500000000000e-01
5.576171875000000000e-01
2.138671875000000000e-01
6.328125000000000000e-01
2.285156250000000000e-01
7.070312500000000000e-01
2.597656250000000000e-01
7.724609375000000000e-01
3.105468750000000000e-01
8.271484375000000000e-01
3.730468750000000000e-01
8.701171875000000000e-01
4.394531250000000000e-01
9.023437500000000000e-01
5.078125000000000000e-01
9.082031250000000000e-01
5.693359375000000000e-01
8.857421875000000000e-01
6.210937500000000000e-01
8.388671875000000000e-01
6.669921875000000000e-01
7.890625000000000000e-01
7.050781250000000000e-01
7.324218750000000000e-01
7.246093750000000000e-01
6.689453125000000000e-01
7.363281250000000000e-01
6.015625000000000000e-01
7.421875000000000000e-01
5.351562500000000000e-01
7.402343750000000000e-01
4.667968750000000000e-01
