2.333984375000000000e-01
4.394531250000000000e-01
2.392578125000000000e-01
5.126953125000000000e-01
2.480468750000000000e-01
5.849609375000000000e-01
2.617187500000000000e-01
6.562500000000000000e-01
2.890625000000000000e-01
7.207031250000000000e-01
3.300781250000000000e-01
7.792968750000000000e-01
3.808593750000000000e-01
8.310546875000000000e-01
4.384765625000000000e-01
8.759765625000000000e-01
5.058593750000000000e-01
8.886718750000000000e-01
5.742187500000000000e-01
8.759765625000000000e-01
6.367187500000000000e-01
8.320312500000000000e-01
6.914062500000000000e-01
7.812500000000000000e-01
7.373046875000000000e-01
7.236328125000000000e-01
7.656250000000000000e-01
6.582031250000000000e-01
7.802734375000000000e-01
5.859375000000000000e-01
7.890625000000000000e-01
5.117187500000000000e-01
7.949218750000000000e-01
4.375000000000000000e-01
