2.333984375000000000e-01
4.951171875000000000e-01
2.333984375000000000e-01
5.605468750000000000e-01
2.421875000000000000e-01
6.269531250000000000e-01
2.568359375000000000e-01
6.923828125000000000e-01
2.783203125000000000e-01
7.558593750000000000e-01
3.183593750000000000e-01
8.125000000000000000e-01
3.710937500000000000e-01
8.574218750000000000e-01
4.306640625000000000e-01
8.955078125000000000e-01
5.000000000000000000e-01
9.082031250000000000e-01
5.693359375000000000e-01
8.945312500000000000e-01
6.289062500000000000e-01
8.593750000000000000e-01
6.806640625000000000e-01
8.144531250000000000e-01
7.216796875000000000e-01
7.597656250000000000e-01
7.451171875000000000e-01
6.982421875000000000e-01
7.607421875000000000e-01
6.318359375000000000e-01
7.695312500000000000e-01
5.664062500000000000e-01
7.724609375000000000e-01
5.019531250000000000e-01
