2.324218750000000000e-01
4.814453125000000000e-01
2.304687500000000000e-01
5.537109375000000000e-01
2.373046875000000000e-01
6.259765625000000000e-01
2.500000000000000000e-01
6.972656250000000000e-01
2.714843750000000000e-01
7.666015625000000000e-01
3.085937500000000000e-01
8.271484375000000000e-01
3.603515625000000000e-01
8.779296875000000000e-01
4.228515625000000000e-01
9.179687500000000000e-01
4.951171875000000000e-01
9.345703125000000000e-01
5.722656250000000000e-01
9.218750000000000000e-01
6.445312500000000000e-01
8.876953125000000000e-01
7.099609375000000000e-01
8.408203125000000000e-01
7.597656250000000000e-01
7.822265625000000000e-01
7.871093750000000000e-01
7.119140625000000000e-01
7.988281250000000000e-01
6.367187500000000000e-01
8.056640625000000000e-01
5.634765625000000000e-01
8.056640625000000000e-01
4.892578125000000000e-01
