2.031250000000000000e-01
4.863281250000000000e-01
2.070312500000000000e-01
5.595703125000000000e-01
2.197265625000000000e-01
6.308593750000000000e-01
2.363281250000000000e-01
7.001953125000000000e-01
2.617187500000000000e-01
7.646484375000000000e-01
3.066406250000000000e-01
8.212890625000000000e-01
3.652343750000000000e-01
8.652343750000000000e-01
4.287109375000000000e-01
9.003906250000000000e-01
4.941406250000000000e-01
9.140625000000000000e-01
5.625000000000000000e-01
9.013671875000000000e-01
6.230468750000000000e-01
8.623046875000000000e-01
6.777343750000000000e-01
8.164062500000000000e-01
7.207031250000000000e-01
7.636718750000000000e-01
7.451171875000000000e-01
6.972656250000000000e-01
7.578125000000000000e-01
6.308593750000000000e-01
7.714843750000000000e-01
5.625000000000000000e-01
7.792968750000000000e-01
4.912109375000000000e-01
