2.314453125000000000e-01
4.677734375000000000e-01
2.343750000000000000e-01
5.371093750000000000e-01
2.451171875000000000e-01
6.054687500000000000e-01
2.548828125000000000e-01
6.757812500000000000e-01
2.763671875000000000e-01
7.421875000000000000e-01
3.164062500000000000e-01
8.017578125000000000e-01
3.681640625000000000e-01
8.515625000000000000e-01
4.306640625000000000e-01
8.935546875000000000e-01
5.009765625000000000e-01
9.062500000000000000e-01
5.693359375000000000e-01
8.896484375000000000e-01
6.328125000000000000e-01
8.496093750000000000e-01
6.884765625000000000e-01
8.046875000000000000e-01
7.324218750000000000e-01
7.558593750000000000e-01
7.568359375000000000e-01
6.953125000000000000e-01
7.597656250000000000e-01
6.259765625000000000e-01
7.607421875000000000e-01
5.576171875000000000e-01
7.597656250000000000e-01
4.892578125000000000e-01
