1.914062500000000000e-01
4.921875000000000000e-01
1.914062500000000000e-01
5.644531250000000000e-01
1.953125000000000000e-01
6.376953125000000000e-01
2.070312500000000000e-01
7.109375000000000000e-01
2.363281250000000000e-01
7.812500000000000000e-01
2.871093750000000000e-01
8.408203125000000000e-01
3.515625000000000000e-01
8.896484375000000000e-01
4.267578125000000000e-01
9.248046875000000000e-01
5.058593750000000000e-01
9.355468750000000000e-01
5.810546875000000000e-01
9.248046875000000000e-01
6.445312500000000000e-01
8.837890625000000000e-01
6.962890625000000000e-01
8.310546875000000000e-01
7.343750000000000000e-01
7.714843750000000000e-01
7.529296875000000000e-01
7.021484375000000000e-01
7.617187500000000000e-01
6.308593750000000000e-01
7.646484375000000000e-01
5.615234375000000000e-01
7.626953125000000000e-01
4.941406250000000000e-01
