1.718750000000000000e-01
4.375000000000000000e-01
1.787109375000000000e-01
5.185546875000000000e-01
1.914062500000000000e-01
6.015625000000000000e-01
2.070312500000000000e-01
6.787109375000000000e-01
2.392578125000000000e-01
7.480468750000000000e-01
2.910156250000000000e-01
8.085937500000000000e-01
3.544921875000000000e-01
8.554687500000000000e-01
4.208984375000000000e-01
8.896484375000000000e-01
4.882812500000000000e-01
8.974609375000000000e-01
5.498046875000000000e-01
8.789062500000000000e-01
6.025390625000000000e-01
8.339843750000000000e-01
6.542968750000000000e-01
7.832031250000000000e-01
6.953125000000000000e-01
7.265625000000000000e-01
7.207031250000000000e-01
6.601562500000000000e-01
7.343750000000000000e-01
5.898437500000000000e-01
7.451171875000000000e-01
5.185546875000000000e-01
7.480468750000000000e-01
4.453125000000000000e-01
