1.728515625000000000e-01
4.833984375000000000e-01
1.845703125000000000e-01
5.566406250000000000e-01
1.953125000000000000e-01
6.289062500000000000e-01
2.070312500000000000e-01
7.011718750000000000e-01
2.343750000000000000e-01
7.656250000000000000e-01
2.851562500000000000e-01
8.134765625000000000e-01
3.554687500000000000e-01
8.447265625000000000e-01
4.248046875000000000e-01
8.740234375000000000e-01
4.941406250000000000e-01
8.847656250000000000e-01
5.615234375000000000e-01
8.730468750000000000e-01
6.279296875000000000e-01
8.437500000000000000e-01
6.943359375000000000e-01
8.095703125000000000e-01
7.412109375000000000e-01
7.607421875000000000e-01
7.656250000000000000e-01
6.972656250000000000e-01
7.744140625000000000e-01
6.289062500000000000e-01
7.822265625000000000e-01
5.585937500000000000e-01
7.919921875000000000e-01
4.853515625000000000e-01
