1.787109375000000000e-01
4.482421875000000000e-01
1.923828125000000000e-01
5.322265625000000000e-01
2.119140625000000000e-01
6.123046875000000000e-01
2.343750000000000000e-01
6.845703125000000000e-01
2.656250000000000000e-01
7.509765625000000000e-01
3.125000000000000000e-01
8.046875000000000000e-01
3.681640625000000000e-01
8.447265625000000000e-01
4.277343750000000000e-01
8.759765625000000000e-01
4.902343750000000000e-01
8.837890625000000000e-01
5.488281250000000000e-01
8.691406250000000000e-01
5.996093750000000000e-01
8.330078125000000000e-01
6.455078125000000000e-01
7.919921875000000000e-01
6.845703125000000000e-01
7.402343750000000000e-01
7.080078125000000000e-01
6.757812500000000000e-01
7.226562500000000000e-01
6.054687500000000000e-01
7.382812500000000000e-01
5.332031250000000000e-01
7.490234375000000000e-01
4.599609375000000000e-01
