1.894531250000000000e-01
4.687500000000000000e-01
2.011718750000000000e-01
5.439453125000000000e-01
2.148437500000000000e-01
6.171875000000000000e-01
2.294921875000000000e-01
6.904296875000000000e-01
2.587890625000000000e-01
7.587890625000000000e-01
3.085937500000000000e-01
8.105468750000000000e-01
3.701171875000000000e-01
8.496093750000000000e-01
4.335937500000000000e-01
8.818359375000000000e-01
4.951171875000000000e-01
8.916015625000000000e-01
5.556640625000000000e-01
8.779296875000000000e-01
6.152343750000000000e-01
8.378906250000000000e-01
6.748046875000000000e-01
7.939453125000000000e-01
7.236328125000000000e-01
7.363281250000000000e-01
7.539062500000000000e-01
6.669921875000000000e-01
7.705078125000000000e-01
5.947265625000000000e-01
7.812500000000000000e-01
5.224609375000000000e-01
7.919921875000000000e-01
4.501953125000000000e-01
