2.246093750000000000e-01
4.833984375000000000e-01
2.294921875000000000e-01
5.498046875000000000e-01
2.382812500000000000e-01
6.171875000000000000e-01
2.539062500000000000e-01
6.835937500000000000e-01
2.783203125000000000e-01
7.480468750000000000e-01
3.203125000000000000e-01
8.046875000000000000e-01
3.720703125000000000e-01
8.544921875000000000e-01
4.296875000000000000e-01
8.955078125000000000e-01
4.960937500000000000e-01
9.052734375000000000e-01
5.615234375000000000e-01
8.955078125000000000e-01
6.191406250000000000e-01
8.574218750000000000e-01
6.669921875000000000e-01
8.085937500000000000e-01
7.080078125000000000e-01
7.529296875000000000e-01
7.343750000000000000e-01
6.914062500000000000e-01
7.519531250000000000e-01
6.220703125000000000e-01
7.636718750000000000e-01
5.537109375000000000e-01
7.695312500000000000e-01
4.863281250000000000e-01
