2.128906250000000000e-01
4.677734375000000000e-01
2.167968750000000000e-01
5.449218750000000000e-01
2.275390625000000000e-01
6.201171875000000000e-01
2.412109375000000000e-01
6.923828125000000000e-01
2.656250000000000000e-01
7.597656250000000000e-01
3.037109375000000000e-01
8.193359375000000000e-01
3.583984375000000000e-01
8.691406250000000000e-01
4.228515625000000000e-01
9.042968750000000000e-01
4.941406250000000000e-01
9.160156250000000000e-01
5.634765625000000000e-01
9.023437500000000000e-01
6.279296875000000000e-01
8.662109375000000000e-01
6.865234375000000000e-01
8.193359375000000000e-01
7.285156250000000000e-01
7.597656250000000000e-01
7.539062500000000000e-01
6.923828125000000000e-01
7.675781250000000000e-01
6.191406250000000000e-01
7.773437500000000000e-01
5.439453125000000000e-01
7.822265625000000000e-01
4.677734375000000000e-01
