1.865234375000000000e-01
4.580078125000000000e-01
1.953125000000000000e-01
5.410156250000000000e-01
2.089843750000000000e-01
6.210937500000000000e-01
2.294921875000000000e-01
6.982421875000000000e-01
2.626953125000000000e-01
7.666015625000000000e-01
3.125000000000000000e-01
8.261718750000000000e-01
3.671875000000000000e-01
8.798828125000000000e-01
4.316406250000000000e-01
9.199218750000000000e-01
5.009765625000000000e-01
9.257812500000000000e-01
5.634765625000000000e-01
9.072265625000000000e-01
6.103515625000000000e-01
8.535156250000000000e-01
6.494140625000000000e-01
7.958984375000000000e-01
6.884765625000000000e-01
7.353515625000000000e-01
7.109375000000000000e-01
6.679687500000000000e-01
7.255859375000000000e-01
5.976562500000000000e-01
7.333984375000000000e-01
5.292968750000000000e-01
7.373046875000000000e-01
4.580078125000000000e-01
