2.656250000000000000e-01
4.892578125000000000e-01
2.666015625000000000e-01
5.527343750000000000e-01
2.724609375000000000e-01
6.171875000000000000e-01
2.783203125000000000e-01
6.816406250000000000e-01
2.958984375000000000e-01
7.421875000000000000e-01
3.291015625000000000e-01
7.910156250000000000e-01
3.759765625000000000e-01
8.359375000000000000e-01
4.277343750000000000e-01
8.730468750000000000e-01
4.892578125000000000e-01
8.837890625000000000e-01
5.527343750000000000e-01
8.750000000000000000e-01
6.171875000000000000e-01
8.457031250000000000e-01
6.787109375000000000e-01
8.105468750000000000e-01
7.294921875000000000e-01
7.636718750000000000e-01
7.626953125000000000e-01
7.060546875000000000e-01
7.792968750000000000e-01
6.425781250000000000e-01
7.919921875000000000e-01
5.751953125000000000e-01
8.007812500000000000e-01
5.048828125000000000e-01
