1.523437500000000000e-01
4.355468750000000000e-01
1.660156250000000000e-01
5.214843750000000000e-01
1.806640625000000000e-01
6.025390625000000000e-01
2.060546875000000000e-01
6.806640625000000000e-01
2.470703125000000000e-01
7.431640625000000000e-01
3.076171875000000000e-01
7.871093750000000000e-01
3.759765625000000000e-01
8.183593750000000000e-01
4.423828125000000000e-01
8.437500000000000000e-01
5.009765625000000000e-01
8.535156250000000000e-01
5.527343750000000000e-01
8.398437500000000000e-01
6.015625000000000000e-01
8.037109375000000000e-01
6.572265625000000000e-01
7.666015625000000000e-01
7.021484375000000000e-01
7.158203125000000000e-01
7.275390625000000000e-01
6.503906250000000000e-01
7.392578125000000000e-01
5.771484375000000000e-01
7.509765625000000000e-01
5.029296875000000000e-01
7.617187500000000000e-01
4.257812500000000000e-01
