2.216796875000000000e-01
4.824218750000000000e-01
2.255859375000000000e-01
5.527343750000000000e-01
2.333984375000000000e-01
6.210937500000000000e-01
2.441406250000000000e-01
6.875000000000000000e-01
2.705078125000000000e-01
7.500000000000000000e-01
3.164062500000000000e-01
8.066406250000000000e-01
3.720703125000000000e-01
8.544921875000000000e-01
4.316406250000000000e-01
8.984375000000000000e-01
4.970703125000000000e-01
9.121093750000000000e-01
5.605468750000000000e-01
8.964843750000000000e-01
6.152343750000000000e-01
8.515625000000000000e-01
6.660156250000000000e-01
8.046875000000000000e-01
7.089843750000000000e-01
7.529296875000000000e-01
7.333984375000000000e-01
6.914062500000000000e-01
7.421875000000000000e-01
6.259765625000000000e-01
7.500000000000000000e-01
5.625000000000000000e-01
7.548828125000000000e-01
4.951171875000000000e-01
