2.148437500000000000e-01
4.609375000000000000e-01
2.216796875000000000e-01
5.390625000000000000e-01
2.324218750000000000e-01
6.171875000000000000e-01
2.451171875000000000e-01
6.914062500000000000e-01
2.744140625000000000e-01
7.597656250000000000e-01
3.212890625000000000e-01
8.183593750000000000e-01
3.759765625000000000e-01
8.701171875000000000e-01
4.365234375000000000e-01
9.121093750000000000e-01
5.048828125000000000e-01
9.238281250000000000e-01
5.722656250000000000e-01
9.091796875000000000e-01
6.289062500000000000e-01
8.623046875000000000e-01
6.767578125000000000e-01
8.076171875000000000e-01
7.197265625000000000e-01
7.500000000000000000e-01
7.460937500000000000e-01
6.826171875000000000e-01
7.568359375000000000e-01
6.093750000000000000e-01
7.656250000000000000e-01
5.380859375000000000e-01
7.705078125000000000e-01
4.648437500000000000e-01
