2.373046875000000000e-01
4.511718750000000000e-01
2.480468750000000000e-01
5.244140625000000000e-01
2.626953125000000000e-01
5.927734375000000000e-01
2.763671875000000000e-01
6.611328125000000000e-01
2.998046875000000000e-01
7.236328125000000000e-01
3.408203125000000000e-01
7.783203125000000000e-01
3.916015625000000000e-01
8.261718750000000000e-01
4.443359375000000000e-01
8.681640625000000000e-01
5.039062500000000000e-01
8.828125000000000000e-01
5.654296875000000000e-01
8.740234375000000000e-01
6.279296875000000000e-01
8.369140625000000000e-01
6.875000000000000000e-01
7.910156250000000000e-01
7.392578125000000000e-01
7.392578125000000000e-01
7.763671875000000000e-01
6.757812500000000000e-01
7.958984375000000000e-01
6.044921875000000000e-01
8.115234375000000000e-01
5.302734375000000000e-01
8.232421875000000000e-01
4.531250000000000000e-01
