2.187500000000000000e-01
4.765625000000000000e-01
2.314453125000000000e-01
5.449218750000000000e-01
2.480468750000000000e-01
6.113281250000000000e-01
2.597656250000000000e-01
6.777343750000000000e-01
2.871093750000000000e-01
7.373046875000000000e-01
3.320312500000000000e-01
7.851562500000000000e-01
3.876953125000000000e-01
8.261718750000000000e-01
4.482421875000000000e-01
8.583984375000000000e-01
5.068359375000000000e-01
8.681640625000000000e-01
5.634765625000000000e-01
8.574218750000000000e-01
6.191406250000000000e-01
8.222656250000000000e-01
6.699218750000000000e-01
7.802734375000000000e-01
7.119140625000000000e-01
7.324218750000000000e-01
7.363281250000000000e-01
6.728515625000000000e-01
7.480468750000000000e-01
6.074218750000000000e-01
7.597656250000000000e-01
5.439453125000000000e-01
7.705078125000000000e-01
4.765625000000000000e-01
