2.197265625000000000e-01
4.873046875000000000e-01
2.285156250000000000e-01
5.634765625000000000e-01
2.421875000000000000e-01
6.347656250000000000e-01
2.578125000000000000e-01
7.041015625000000000e-01
2.851562500000000000e-01
7.675781250000000000e-01
3.271484375000000000e-01
8.183593750000000000e-01
3.789062500000000000e-01
8.613281250000000000e-01
4.345703125000000000e-01
8.955078125000000000e-01
5.000000000000000000e-01
9.062500000000000000e-01
5.664062500000000000e-01
8.974609375000000000e-01
6.259765625000000000e-01
8.642578125000000000e-01
6.806640625000000000e-01
8.222656250000000000e-01
7.236328125000000000e-01
7.714843750000000000e-01
7.500000000000000000e-01
7.060546875000000000e-01
7.646484375000000000e-01
6.367187500000000000e-01
7.783203125000000000e-01
5.664062500000000000e-01
7.900390625000000000e-01
4.902343750000000000e-01
