1.962890625000000000e-01
4.394531250000000000e-01
2.099609375000000000e-01
5.156250000000000000e-01
2.265625000000000000e-01
5.898437500000000000e-01
2.441406250000000000e-01
6.572265625000000000e-01
2.744140625000000000e-01
7.187500000000000000e-01
3.212890625000000000e-01
7.646484375000000000e-01
3.818359375000000000e-01
7.958984375000000000e-01
4.414062500000000000e-01
8.203125000000000000e-01
4.970703125000000000e-01
8.271484375000000000e-01
5.458984375000000000e-01
8.125000000000000000e-01
5.937500000000000000e-01
7.851562500000000000e-01
6.425781250000000000e-01
7.519531250000000000e-01
6.855468750000000000e-01
7.109375000000000000e-01
7.158203125000000000e-01
6.552734375000000000e-01
7.333984375000000000e-01
5.888671875000000000e-01
7.500000000000000000e-01
5.224609375000000000e-01
7.607421875000000000e-01
4.492187500000000000e-01
