2.578125000000000000e-01
5.058593750000000000e-01
2.519531250000000000e-01
5.712890625000000000e-01
2.548828125000000000e-01
6.406250000000000000e-01
2.636718750000000000e-01
7.109375000000000000e-01
2.832031250000000000e-01
7.773437500000000000e-01
3.173828125000000000e-01
8.349609375000000000e-01
3.642578125000000000e-01
8.886718750000000000e-01
4.179687500000000000e-01
9.326171875000000000e-01
4.863281250000000000e-01
9.482421875000000000e-01
5.625000000000000000e-01
9.394531250000000000e-01
6.396484375000000000e-01
9.082031250000000000e-01
7.109375000000000000e-01
8.623046875000000000e-01
7.675781250000000000e-01
8.037109375000000000e-01
8.076171875000000000e-01
7.343750000000000000e-01
8.310546875000000000e-01
6.582031250000000000e-01
8.408203125000000000e-01
5.791015625000000000e-01
8.466796875000000000e-01
4.980468750000000000e-01
