2.148437500000000000e-01
4.687500000000000000e-01
2.158203125000000000e-01
5.439453125000000000e-01
2.216796875000000000e-01
6.210937500000000000e-01
2.304687500000000000e-01
6.962890625000000000e-01
2.480468750000000000e-01
7.695312500000000000e-01
2.880859375000000000e-01
8.349609375000000000e-01
3.417968750000000000e-01
8.906250000000000000e-01
4.101562500000000000e-01
9.326171875000000000e-01
4.912109375000000000e-01
9.462890625000000000e-01
5.761718750000000000e-01
9.316406250000000000e-01
6.503906250000000000e-01
8.896484375000000000e-01
7.109375000000000000e-01
8.339843750000000000e-01
7.578125000000000000e-01
7.714843750000000000e-01
7.851562500000000000e-01
6.992187500000000000e-01
7.988281250000000000e-01
6.220703125000000000e-01
8.056640625000000000e-01
5.468750000000000000e-01
8.095703125000000000e-01
4.687500000000000000e-01
