2.246093750000000000e-01
4.902343750000000000e-01
2.226562500000000000e-01
5.634765625000000000e-01
2.294921875000000000e-01
6.367187500000000000e-01
2.402343750000000000e-01
7.070312500000000000e-01
2.617187500000000000e-01
7.724609375000000000e-01
3.017578125000000000e-01
8.291015625000000000e-01
3.583984375000000000e-01
8.710937500000000000e-01
4.218750000000000000e-01
8.994140625000000000e-01
4.941406250000000000e-01
9.091796875000000000e-01
5.625000000000000000e-01
8.964843750000000000e-01
6.250000000000000000e-01
8.613281250000000000e-01
6.806640625000000000e-01
8.193359375000000000e-01
7.197265625000000000e-01
7.636718750000000000e-01
7.412109375000000000e-01
6.962890625000000000e-01
7.548828125000000000e-01
6.250000000000000000e-01
7.646484375000000000e-01
5.527343750000000000e-01
7.656250000000000000e-01
4.794921875000000000e-01
