2.216796875000000000e-01
4.638671875000000000e-01
2.294921875000000000e-01
5.332031250000000000e-01
2.421875000000000000e-01
5.996093750000000000e-01
2.568359375000000000e-01
6.669921875000000000e-01
2.812500000000000000e-01
7.333984375000000000e-01
3.203125000000000000e-01
7.919921875000000000e-01
3.701171875000000000e-01
8.447265625000000000e-01
4.287109375000000000e-01
8.847656250000000000e-01
4.960937500000000000e-01
8.974609375000000000e-01
5.634765625000000000e-01
8.857421875000000000e-01
6.220703125000000000e-01
8.466796875000000000e-01
6.728515625000000000e-01
7.968750000000000000e-01
7.109375000000000000e-01
7.382812500000000000e-01
7.324218750000000000e-01
6.718750000000000000e-01
7.470703125000000000e-01
6.035156250000000000e-01
7.607421875000000000e-01
5.380859375000000000e-01
7.685546875000000000e-01
4.697265625000000000e-01
