1.240234375000000000e-01
4.863281250000000000e-01
1.318359375000000000e-01
5.722656250000000000e-01
1.435546875000000000e-01
6.591796875000000000e-01
1.660156250000000000e-01
7.421875000000000000e-01
2.109375000000000000e-01
8.105468750000000000e-01
2.753906250000000000e-01
8.662109375000000000e-01
3.505859375000000000e-01
9.072265625000000000e-01
4.248046875000000000e-01
9.375000000000000000e-01
4.921875000000000000e-01
9.443359375000000000e-01
5.498046875000000000e-01
9.277343750000000000e-01
5.976562500000000000e-01
8.828125000000000000e-01
6.435546875000000000e-01
8.271484375000000000e-01
6.806640625000000000e-01
7.666015625000000000e-01
7.060546875000000000e-01
6.953125000000000000e-01
7.197265625000000000e-01
6.269531250000000000e-01
7.246093750000000000e-01
5.546875000000000000e-01
7.226562500000000000e-01
4.824218750000000000e-01
