2.255859375000000000e-01
4.755859375000000000e-01
2.304687500000000000e-01
5.458984375000000000e-01
2.373046875000000000e-01
6.191406250000000000e-01
2.451171875000000000e-01
6.923828125000000000e-01
2.656250000000000000e-01
7.626953125000000000e-01
3.066406250000000000e-01
8.251953125000000000e-01
3.564453125000000000e-01
8.798828125000000000e-01
4.208984375000000000e-01
9.257812500000000000e-01
4.951171875000000000e-01
9.384765625000000000e-01
5.732421875000000000e-01
9.267578125000000000e-01
6.435546875000000000e-01
8.847656250000000000e-01
7.031250000000000000e-01
8.320312500000000000e-01
7.509765625000000000e-01
7.724609375000000000e-01
7.773437500000000000e-01
7.041015625000000000e-01
7.890625000000000000e-01
6.279296875000000000e-01
7.939453125000000000e-01
5.517578125000000000e-01
7.998046875000000000e-01
4.746093750000000000e-01
