2.451171875000000000e-01
4.951171875000000000e-01
2.392578125000000000e-01
5.585937500000000000e-01
2.431640625000000000e-01
6.240234375000000000e-01
2.539062500000000000e-01
6.923828125000000000e-01
2.744140625000000000e-01
7.597656250000000000e-01
3.125000000000000000e-01
8.212890625000000000e-01
3.583984375000000000e-01
8.779296875000000000e-01
4.130859375000000000e-01
9.267578125000000000e-01
4.833984375000000000e-01
9.423828125000000000e-01
5.566406250000000000e-01
9.345703125000000000e-01
6.240234375000000000e-01
8.964843750000000000e-01
6.845703125000000000e-01
8.476562500000000000e-01
7.353515625000000000e-01
7.890625000000000000e-01
7.675781250000000000e-01
7.197265625000000000e-01
7.841796875000000000e-01
6.474609375000000000e-01
7.939453125000000000e-01
5.742187500000000000e-01
7.988281250000000000e-01
5.029296875000000000e-01
