2.021484375000000000e-01
4.873046875000000000e-01
2.060546875000000000e-01
5.595703125000000000e-01
2.158203125000000000e-01
6.337890625000000000e-01
2.353515625000000000e-01
7.060546875000000000e-01
2.734375000000000000e-01
7.685546875000000000e-01
3.212890625000000000e-01
8.203125000000000000e-01
3.808593750000000000e-01
8.613281250000000000e-01
4.472656250000000000e-01
8.906250000000000000e-01
5.117187500000000000e-01
8.955078125000000000e-01
5.693359375000000000e-01
8.798828125000000000e-01
6.191406250000000000e-01
8.408203125000000000e-01
6.640625000000000000e-01
7.929687500000000000e-01
6.953125000000000000e-01
7.392578125000000000e-01
7.138671875000000000e-01
6.757812500000000000e-01
7.246093750000000000e-01
6.123046875000000000e-01
7.294921875000000000e-01
5.468750000000000000e-01
7.275390625000000000e-01
4.833984375000000000e-01
