1.992187500000000000e-01
4.794921875000000000e-01
2.050781250000000000e-01
5.556640625000000000e-01
2.177734375000000000e-01
6.308593750000000000e-01
2.314453125000000000e-01
7.031250000000000000e-01
2.597656250000000000e-01
7.675781250000000000e-01
3.085937500000000000e-01
8.222656250000000000e-01
3.681640625000000000e-01
8.671875000000000000e-01
4.365234375000000000e-01
9.023437500000000000e-01
5.039062500000000000e-01
9.101562500000000000e-01
5.693359375000000000e-01
8.906250000000000000e-01
6.289062500000000000e-01
8.457031250000000000e-01
6.845703125000000000e-01
7.978515625000000000e-01
7.265625000000000000e-01
7.451171875000000000e-01
7.470703125000000000e-01
6.806640625000000000e-01
7.558593750000000000e-01
6.123046875000000000e-01
7.617187500000000000e-01
5.458984375000000000e-01
7.617187500000000000e-01
4.775390625000000000e-01
