2.197265625000000000e-01
4.667968750000000000e-01
2.255859375000000000e-01
5.449218750000000000e-01
2.412109375000000000e-01
6.191406250000000000e-01
2.568359375000000000e-01
6.914062500000000000e-01
2.832031250000000000e-01
7.578125000000000000e-01
3.261718750000000000e-01
8.134765625000000000e-01
3.818359375000000000e-01
8.593750000000000000e-01
4.423828125000000000e-01
8.945312500000000000e-01
5.078125000000000000e-01
9.023437500000000000e-01
5.693359375000000000e-01
8.876953125000000000e-01
6.279296875000000000e-01
8.505859375000000000e-01
6.816406250000000000e-01
8.017578125000000000e-01
7.216796875000000000e-01
7.431640625000000000e-01
7.451171875000000000e-01
6.757812500000000000e-01
7.568359375000000000e-01
6.044921875000000000e-01
7.646484375000000000e-01
5.322265625000000000e-01
7.675781250000000000e-01
4.619140625000000000e-01
