2.402343750000000000e-01
4.833984375000000000e-01
2.431640625000000000e-01
5.566406250000000000e-01
2.519531250000000000e-01
6.308593750000000000e-01
2.656250000000000000e-01
7.011718750000000000e-01
2.871093750000000000e-01
7.685546875000000000e-01
3.242187500000000000e-01
8.242187500000000000e-01
3.730468750000000000e-01
8.710937500000000000e-01
4.306640625000000000e-01
9.033203125000000000e-01
4.980468750000000000e-01
9.130859375000000000e-01
5.703125000000000000e-01
9.062500000000000000e-01
6.406250000000000000e-01
8.779296875000000000e-01
7.021484375000000000e-01
8.349609375000000000e-01
7.500000000000000000e-01
7.783203125000000000e-01
7.792968750000000000e-01
7.089843750000000000e-01
7.949218750000000000e-01
6.328125000000000000e-01
8.037109375000000000e-01
5.556640625000000000e-01
8.095703125000000000e-01
4.775390625000000000e-01
