2.089843750000000000e-01
4.882812500000000000e-01
2.119140625000000000e-01
5.634765625000000000e-01
2.177734375000000000e-01
6.367187500000000000e-01
2.285156250000000000e-01
7.099609375000000000e-01
2.539062500000000000e-01
7.792968750000000000e-01
2.998046875000000000e-01
8.369140625000000000e-01
3.544921875000000000e-01
8.857421875000000000e-01
4.189453125000000000e-01
9.277343750000000000e-01
4.941406250000000000e-01
9.384765625000000000e-01
5.732421875000000000e-01
9.257812500000000000e-01
6.455078125000000000e-01
8.867187500000000000e-01
7.070312500000000000e-01
8.408203125000000000e-01
7.548828125000000000e-01
7.832031250000000000e-01
7.792968750000000000e-01
7.109375000000000000e-01
7.910156250000000000e-01
6.347656250000000000e-01
7.968750000000000000e-01
5.634765625000000000e-01
7.988281250000000000e-01
4.902343750000000000e-01
