2.167968750000000000e-01
4.873046875000000000e-01
2.207031250000000000e-01
5.654296875000000000e-01
2.353515625000000000e-01
6.406250000000000000e-01
2.509765625000000000e-01
7.158203125000000000e-01
2.744140625000000000e-01
7.880859375000000000e-01
3.183593750000000000e-01
8.554687500000000000e-01
3.710937500000000000e-01
9.121093750000000000e-01
4.345703125000000000e-01
9.599609375000000000e-01
5.019531250000000000e-01
9.746093750000000000e-01
5.693359375000000000e-01
9.570312500000000000e-01
6.318359375000000000e-01
9.091796875000000000e-01
6.855468750000000000e-01
8.515625000000000000e-01
7.275390625000000000e-01
7.851562500000000000e-01
7.500000000000000000e-01
7.128906250000000000e-01
7.607421875000000000e-01
6.376953125000000000e-01
7.685546875000000000e-01
5.634765625000000000e-01
7.685546875000000000e-01
4.882812500000000000e-01
