1.982421875000000000e-01
4.589843750000000000e-01
2.021484375000000000e-01
5.361328125000000000e-01
2.109375000000000000e-01
6.142578125000000000e-01
2.236328125000000000e-01
6.904296875000000000e-01
2.519531250000000000e-01
7.626953125000000000e-01
3.007812500000000000e-01
8.261718750000000000e-01
3.554687500000000000e-01
8.818359375000000000e-01
4.208984375000000000e-01
9.287109375000000000e-01
4.951171875000000000e-01
9.404296875000000000e-01
5.673828125000000000e-01
9.267578125000000000e-01
6.289062500000000000e-01
8.789062500000000000e-01
6.835937500000000000e-01
8.232421875000000000e-01
7.304687500000000000e-01
7.607421875000000000e-01
7.568359375000000000e-01
6.894531250000000000e-01
7.685546875000000000e-01
6.142578125000000000e-01
7.744140625000000000e-01
5.390625000000000000e-01
7.763671875000000000e-01
4.619140625000000000e-01
