2.226562500000000000e-01
4.599609375000000000e-01
2.314453125000000000e-01
5.302734375000000000e-01
2.392578125000000000e-01
5.986328125000000000e-01
2.509765625000000000e-01
6.679687500000000000e-01
2.802734375000000000e-01
7.275390625000000000e-01
3.300781250000000000e-01
7.724609375000000000e-01
3.867187500000000000e-01
8.085937500000000000e-01
4.394531250000000000e-01
8.427734375000000000e-01
4.931640625000000000e-01
8.554687500000000000e-01
5.478515625000000000e-01
8.437500000000000000e-01
5.996093750000000000e-01
8.085937500000000000e-01
6.533203125000000000e-01
7.714843750000000000e-01
6.972656250000000000e-01
7.236328125000000000e-01
7.265625000000000000e-01
6.650390625000000000e-01
7.441406250000000000e-01
5.986328125000000000e-01
7.578125000000000000e-01
5.332031250000000000e-01
7.695312500000000000e-01
4.628906250000000000e-01
