2.177734375000000000e-01
4.042968750000000000e-01
2.226562500000000000e-01
4.814453125000000000e-01
2.353515625000000000e-01
5.605468750000000000e-01
2.490234375000000000e-01
6.357421875000000000e-01
2.773437500000000000e-01
7.060546875000000000e-01
3.212890625000000000e-01
7.685546875000000000e-01
3.730468750000000000e-01
8.232421875000000000e-01
4.287109375000000000e-01
8.681640625000000000e-01
4.951171875000000000e-01
8.808593750000000000e-01
5.615234375000000000e-01
8.671875000000000000e-01
6.191406250000000000e-01
8.232421875000000000e-01
6.738281250000000000e-01
7.695312500000000000e-01
7.197265625000000000e-01
7.089843750000000000e-01
7.490234375000000000e-01
6.406250000000000000e-01
7.646484375000000000e-01
5.683593750000000000e-01
7.773437500000000000e-01
4.921875000000000000e-01
7.812500000000000000e-01
4.150390625000000000e-01
