2.304687500000000000e-01
4.892578125000000000e-01
2.324218750000000000e-01
5.625000000000000000e-01
2.402343750000000000e-01
6.328125000000000000e-01
2.509765625000000000e-01
7.050781250000000000e-01
2.744140625000000000e-01
7.724609375000000000e-01
3.125000000000000000e-01
8.291015625000000000e-01
3.623046875000000000e-01
8.808593750000000000e-01
4.228515625000000000e-01
9.208984375000000000e-01
4.912109375000000000e-01
9.345703125000000000e-01
5.595703125000000000e-01
9.208984375000000000e-01
6.259765625000000000e-01
8.847656250000000000e-01
6.855468750000000000e-01
8.378906250000000000e-01
7.324218750000000000e-01
7.822265625000000000e-01
7.617187500000000000e-01
7.167968750000000000e-01
7.763671875000000000e-01
6.445312500000000000e-01
7.890625000000000000e-01
5.703125000000000000e-01
7.968750000000000000e-01
4.951171875000000000e-01
