2.099609375000000000e-01
4.843750000000000000e-01
2.216796875000000000e-01
5.556640625000000000e-01
2.373046875000000000e-01
6.230468750000000000e-01
2.558593750000000000e-01
6.884765625000000000e-01
2.832031250000000000e-01
7.480468750000000000e-01
3.242187500000000000e-01
7.968750000000000000e-01
3.769531250000000000e-01
8.339843750000000000e-01
4.335937500000000000e-01
8.623046875000000000e-01
4.931640625000000000e-01
8.720703125000000000e-01
5.498046875000000000e-01
8.583984375000000000e-01
6.015625000000000000e-01
8.261718750000000000e-01
6.533203125000000000e-01
7.880859375000000000e-01
6.923828125000000000e-01
7.421875000000000000e-01
7.197265625000000000e-01
6.826171875000000000e-01
7.353515625000000000e-01
6.181640625000000000e-01
7.500000000000000000e-01
5.517578125000000000e-01
7.617187500000000000e-01
4.833984375000000000e-01
