2.412109375000000000e-01
4.931640625000000000e-01
2.402343750000000000e-01
5.585937500000000000e-01
2.451171875000000000e-01
6.240234375000000000e-01
2.548828125000000000e-01
6.894531250000000000e-01
2.773437500000000000e-01
7.519531250000000000e-01
3.173828125000000000e-01
8.095703125000000000e-01
3.671875000000000000e-01
8.583984375000000000e-01
4.248046875000000000e-01
9.013671875000000000e-01
4.921875000000000000e-01
9.150390625000000000e-01
5.634765625000000000e-01
9.082031250000000000e-01
6.298828125000000000e-01
8.750000000000000000e-01
6.914062500000000000e-01
8.300781250000000000e-01
7.412109375000000000e-01
7.753906250000000000e-01
7.705078125000000000e-01
7.089843750000000000e-01
7.822265625000000000e-01
6.396484375000000000e-01
7.900390625000000000e-01
5.693359375000000000e-01
7.929687500000000000e-01
4.990234375000000000e-01
