2.294921875000000000e-01
5.253906250000000000e-01
2.324218750000000000e-01
5.976562500000000000e-01
2.421875000000000000e-01
6.708984375000000000e-01
2.548828125000000000e-01
7.441406250000000000e-01
2.783203125000000000e-01
8.115234375000000000e-01
3.173828125000000000e-01
8.710937500000000000e-01
3.691406250000000000e-01
9.208984375000000000e-01
4.306640625000000000e-01
9.560546875000000000e-01
5.009765625000000000e-01
9.697265625000000000e-01
5.742187500000000000e-01
9.570312500000000000e-01
6.425781250000000000e-01
9.208984375000000000e-01
6.992187500000000000e-01
8.720703125000000000e-01
7.431640625000000000e-01
8.115234375000000000e-01
7.695312500000000000e-01
7.421875000000000000e-01
7.851562500000000000e-01
6.650390625000000000e-01
7.939453125000000000e-01
5.888671875000000000e-01
7.958984375000000000e-01
5.136718750000000000e-01
