2.363281250000000000e-01
4.482421875000000000e-01
2.460937500000000000e-01
5.234375000000000000e-01
2.607421875000000000e-01
5.957031250000000000e-01
2.734375000000000000e-01
6.689453125000000000e-01
2.968750000000000000e-01
7.373046875000000000e-01
3.378906250000000000e-01
7.958984375000000000e-01
3.837890625000000000e-01
8.505859375000000000e-01
4.375000000000000000e-01
9.003906250000000000e-01
5.000000000000000000e-01
9.160156250000000000e-01
5.644531250000000000e-01
9.052734375000000000e-01
6.250000000000000000e-01
8.642578125000000000e-01
6.787109375000000000e-01
8.125000000000000000e-01
7.255859375000000000e-01
7.519531250000000000e-01
7.529296875000000000e-01
6.806640625000000000e-01
7.675781250000000000e-01
6.015625000000000000e-01
7.802734375000000000e-01
5.224609375000000000e-01
7.880859375000000000e-01
4.414062500000000000e-01
