1.982421875000000000e-01
4.853515625000000000e-01
2.001953125000000000e-01
5.644531250000000000e-01
2.080078125000000000e-01
6.445312500000000000e-01
2.236328125000000000e-01
7.207031250000000000e-01
2.548828125000000000e-01
7.910156250000000000e-01
3.027343750000000000e-01
8.564453125000000000e-01
3.623046875000000000e-01
9.130859375000000000e-01
4.335937500000000000e-01
9.521484375000000000e-01
5.107421875000000000e-01
9.619140625000000000e-01
5.839843750000000000e-01
9.423828125000000000e-01
6.445312500000000000e-01
8.935546875000000000e-01
6.933593750000000000e-01
8.349609375000000000e-01
7.285156250000000000e-01
7.666015625000000000e-01
7.490234375000000000e-01
6.953125000000000000e-01
7.587890625000000000e-01
6.240234375000000000e-01
7.607421875000000000e-01
5.527343750000000000e-01
7.578125000000000000e-01
4.833984375000000000e-01
