2.177734375000000000e-01
4.150390625000000000e-01
2.197265625000000000e-01
4.951171875000000000e-01
2.275390625000000000e-01
5.771484375000000000e-01
2.421875000000000000e-01
6.572265625000000000e-01
2.714843750000000000e-01
7.314453125000000000e-01
3.144531250000000000e-01
7.978515625000000000e-01
3.671875000000000000e-01
8.564453125000000000e-01
4.287109375000000000e-01
9.033203125000000000e-01
5.000000000000000000e-01
9.189453125000000000e-01
5.742187500000000000e-01
9.052734375000000000e-01
6.386718750000000000e-01
8.554687500000000000e-01
6.933593750000000000e-01
7.949218750000000000e-01
7.392578125000000000e-01
7.275390625000000000e-01
7.705078125000000000e-01
6.513671875000000000e-01
7.871093750000000000e-01
5.712890625000000000e-01
7.949218750000000000e-01
4.882812500000000000e-01
7.978515625000000000e-01
4.062500000000000000e-01
