2.548828125000000000e-01
4.697265625000000000e-01
2.539062500000000000e-01
5.390625000000000000e-01
2.597656250000000000e-01
6.074218750000000000e-01
2.675781250000000000e-01
6.767578125000000000e-01
2.841796875000000000e-01
7.460937500000000000e-01
3.193359375000000000e-01
8.105468750000000000e-01
3.623046875000000000e-01
8.691406250000000000e-01
4.179687500000000000e-01
9.199218750000000000e-01
4.892578125000000000e-01
9.375000000000000000e-01
5.693359375000000000e-01
9.287109375000000000e-01
6.455078125000000000e-01
8.886718750000000000e-01
7.128906250000000000e-01
8.388671875000000000e-01
7.695312500000000000e-01
7.763671875000000000e-01
8.037109375000000000e-01
7.041015625000000000e-01
8.212890625000000000e-01
6.230468750000000000e-01
8.291015625000000000e-01
5.419921875000000000e-01
8.339843750000000000e-01
4.580078125000000000e-01
