2.402343750000000000e-01
4.667968750000000000e-01
2.441406250000000000e-01
5.410156250000000000e-01
2.568359375000000000e-01
6.132812500000000000e-01
2.714843750000000000e-01
6.835937500000000000e-01
2.968750000000000000e-01
7.490234375000000000e-01
3.369140625000000000e-01
8.076171875000000000e-01
3.867187500000000000e-01
8.574218750000000000e-01
4.453125000000000000e-01
8.964843750000000000e-01
5.087890625000000000e-01
9.052734375000000000e-01
5.712890625000000000e-01
8.896484375000000000e-01
6.289062500000000000e-01
8.515625000000000000e-01
6.787109375000000000e-01
8.037109375000000000e-01
7.226562500000000000e-01
7.470703125000000000e-01
7.509765625000000000e-01
6.816406250000000000e-01
7.695312500000000000e-01
6.103515625000000000e-01
7.832031250000000000e-01
5.351562500000000000e-01
7.900390625000000000e-01
4.589843750000000000e-01
