2.802734375000000000e-01
4.775390625000000000e-01
2.744140625000000000e-01
5.410156250000000000e-01
2.763671875000000000e-01
6.074218750000000000e-01
2.871093750000000000e-01
6.757812500000000000e-01
3.056640625000000000e-01
7.431640625000000000e-01
3.378906250000000000e-01
8.046875000000000000e-01
3.857421875000000000e-01
8.593750000000000000e-01
4.394531250000000000e-01
9.091796875000000000e-01
5.048828125000000000e-01
9.267578125000000000e-01
5.781250000000000000e-01
9.179687500000000000e-01
6.542968750000000000e-01
8.828125000000000000e-01
7.236328125000000000e-01
8.359375000000000000e-01
7.783203125000000000e-01
7.773437500000000000e-01
8.125000000000000000e-01
7.099609375000000000e-01
8.310546875000000000e-01
6.357421875000000000e-01
8.408203125000000000e-01
5.576171875000000000e-01
8.437500000000000000e-01
4.794921875000000000e-01
