2.197265625000000000e-01
4.609375000000000000e-01
2.226562500000000000e-01
5.371093750000000000e-01
2.324218750000000000e-01
6.132812500000000000e-01
2.460937500000000000e-01
6.845703125000000000e-01
2.705078125000000000e-01
7.500000000000000000e-01
3.154296875000000000e-01
8.066406250000000000e-01
3.691406250000000000e-01
8.574218750000000000e-01
4.277343750000000000e-01
9.013671875000000000e-01
4.970703125000000000e-01
9.140625000000000000e-01
5.625000000000000000e-01
8.974609375000000000e-01
6.201171875000000000e-01
8.515625000000000000e-01
6.738281250000000000e-01
8.017578125000000000e-01
7.207031250000000000e-01
7.421875000000000000e-01
7.460937500000000000e-01
6.738281250000000000e-01
7.568359375000000000e-01
5.996093750000000000e-01
7.626953125000000000e-01
5.263671875000000000e-01
7.666015625000000000e-01
4.511718750000000000e-01
