2.304687500000000000e-01
4.843750000000000000e-01
2.343750000000000000e-01
5.556640625000000000e-01
2.451171875000000000e-01
6.240234375000000000e-01
2.578125000000000000e-01
6.923828125000000000e-01
2.812500000000000000e-01
7.568359375000000000e-01
3.212890625000000000e-01
8.115234375000000000e-01
3.730468750000000000e-01
8.564453125000000000e-01
4.287109375000000000e-01
8.955078125000000000e-01
4.921875000000000000e-01
9.121093750000000000e-01
5.576171875000000000e-01
9.003906250000000000e-01
6.201171875000000000e-01
8.652343750000000000e-01
6.806640625000000000e-01
8.232421875000000000e-01
7.285156250000000000e-01
7.685546875000000000e-01
7.587890625000000000e-01
7.021484375000000000e-01
7.773437500000000000e-01
6.308593750000000000e-01
7.939453125000000000e-01
5.595703125000000000e-01
8.046875000000000000e-01
4.833984375000000000e-01
