2.324218750000000000e-01
4.814453125000000000e-01
2.353515625000000000e-01
5.478515625000000000e-01
2.402343750000000000e-01
6.132812500000000000e-01
2.529296875000000000e-01
6.796875000000000000e-01
2.763671875000000000e-01
7.412109375000000000e-01
3.154296875000000000e-01
7.998046875000000000e-01
3.632812500000000000e-01
8.476562500000000000e-01
4.218750000000000000e-01
8.847656250000000000e-01
4.902343750000000000e-01
8.964843750000000000e-01
5.644531250000000000e-01
8.867187500000000000e-01
6.367187500000000000e-01
8.525390625000000000e-01
7.011718750000000000e-01
8.105468750000000000e-01
7.519531250000000000e-01
7.548828125000000000e-01
7.822265625000000000e-01
6.914062500000000000e-01
7.978515625000000000e-01
6.210937500000000000e-01
8.027343750000000000e-01
5.468750000000000000e-01
8.066406250000000000e-01
4.746093750000000000e-01
