2.246093750000000000e-01
4.687500000000000000e-01
2.294921875000000000e-01
5.439453125000000000e-01
2.392578125000000000e-01
6.171875000000000000e-01
2.539062500000000000e-01
6.894531250000000000e-01
2.773437500000000000e-01
7.587890625000000000e-01
3.193359375000000000e-01
8.212890625000000000e-01
3.681640625000000000e-01
8.750000000000000000e-01
4.287109375000000000e-01
9.189453125000000000e-01
4.960937500000000000e-01
9.316406250000000000e-01
5.673828125000000000e-01
9.169921875000000000e-01
6.298828125000000000e-01
8.769531250000000000e-01
6.845703125000000000e-01
8.261718750000000000e-01
7.294921875000000000e-01
7.675781250000000000e-01
7.548828125000000000e-01
7.011718750000000000e-01
7.656250000000000000e-01
6.259765625000000000e-01
7.724609375000000000e-01
5.527343750000000000e-01
7.792968750000000000e-01
4.765625000000000000e-01
