2.021484375000000000e-01
4.814453125000000000e-01
2.119140625000000000e-01
5.537109375000000000e-01
2.265625000000000000e-01
6.210937500000000000e-01
2.480468750000000000e-01
6.865234375000000000e-01
2.773437500000000000e-01
7.490234375000000000e-01
3.222656250000000000e-01
8.017578125000000000e-01
3.769531250000000000e-01
8.447265625000000000e-01
4.365234375000000000e-01
8.779296875000000000e-01
5.000000000000000000e-01
8.876953125000000000e-01
5.644531250000000000e-01
8.740234375000000000e-01
6.269531250000000000e-01
8.378906250000000000e-01
6.865234375000000000e-01
7.929687500000000000e-01
7.333984375000000000e-01
7.382812500000000000e-01
7.597656250000000000e-01
6.748046875000000000e-01
7.744140625000000000e-01
6.054687500000000000e-01
7.861328125000000000e-01
5.371093750000000000e-01
7.949218750000000000e-01
4.667968750000000000e-01
