1.953125000000000000e-01
4.775390625000000000e-01
2.021484375000000000e-01
5.527343750000000000e-01
2.138671875000000000e-01
6.279296875000000000e-01
2.304687500000000000e-01
7.011718750000000000e-01
2.568359375000000000e-01
7.705078125000000000e-01
3.007812500000000000e-01
8.310546875000000000e-01
3.564453125000000000e-01
8.828125000000000000e-01
4.218750000000000000e-01
9.218750000000000000e-01
4.960937500000000000e-01
9.316406250000000000e-01
5.703125000000000000e-01
9.179687500000000000e-01
6.318359375000000000e-01
8.750000000000000000e-01
6.816406250000000000e-01
8.183593750000000000e-01
7.207031250000000000e-01
7.558593750000000000e-01
7.431640625000000000e-01
6.865234375000000000e-01
7.587890625000000000e-01
6.162109375000000000e-01
7.705078125000000000e-01
5.458984375000000000e-01
7.753906250000000000e-01
4.755859375000000000e-01
