2.382812500000000000e-01
5.390625000000000000e-01
2.333984375000000000e-01
6.044921875000000000e-01
2.343750000000000000e-01
6.718750000000000000e-01
2.431640625000000000e-01
7.421875000000000000e-01
2.646484375000000000e-01
8.085937500000000000e-01
3.037109375000000000e-01
8.652343750000000000e-01
3.574218750000000000e-01
9.121093750000000000e-01
4.218750000000000000e-01
9.462890625000000000e-01
5.019531250000000000e-01
9.609375000000000000e-01
5.839843750000000000e-01
9.492187500000000000e-01
6.513671875000000000e-01
9.160156250000000000e-01
7.080078125000000000e-01
8.691406250000000000e-01
7.509765625000000000e-01
8.105468750000000000e-01
7.783203125000000000e-01
7.421875000000000000e-01
7.880859375000000000e-01
6.689453125000000000e-01
7.929687500000000000e-01
5.966796875000000000e-01
7.929687500000000000e-01
5.253906250000000000e-01
