2.158203125000000000e-01
4.931640625000000000e-01
2.187500000000000000e-01
5.625000000000000000e-01
2.265625000000000000e-01
6.328125000000000000e-01
2.402343750000000000e-01
7.011718750000000000e-01
2.646484375000000000e-01
7.656250000000000000e-01
3.056640625000000000e-01
8.193359375000000000e-01
3.593750000000000000e-01
8.642578125000000000e-01
4.238281250000000000e-01
8.994140625000000000e-01
4.970703125000000000e-01
9.111328125000000000e-01
5.712890625000000000e-01
9.003906250000000000e-01
6.347656250000000000e-01
8.613281250000000000e-01
6.845703125000000000e-01
8.154296875000000000e-01
7.226562500000000000e-01
7.607421875000000000e-01
7.441406250000000000e-01
6.982421875000000000e-01
7.509765625000000000e-01
6.318359375000000000e-01
7.568359375000000000e-01
5.654296875000000000e-01
7.578125000000000000e-01
4.970703125000000000e-01
