2.109375000000000000e-01
4.697265625000000000e-01
2.187500000000000000e-01
5.449218750000000000e-01
2.353515625000000000e-01
6.210937500000000000e-01
2.539062500000000000e-01
6.933593750000000000e-01
2.773437500000000000e-01
7.626953125000000000e-01
3.154296875000000000e-01
8.222656250000000000e-01
3.671875000000000000e-01
8.710937500000000000e-01
4.267578125000000000e-01
9.072265625000000000e-01
5.009765625000000000e-01
9.160156250000000000e-01
5.722656250000000000e-01
9.023437500000000000e-01
6.347656250000000000e-01
8.632812500000000000e-01
6.875000000000000000e-01
8.144531250000000000e-01
7.265625000000000000e-01
7.548828125000000000e-01
7.480468750000000000e-01
6.855468750000000000e-01
7.587890625000000000e-01
6.132812500000000000e-01
7.675781250000000000e-01
5.400390625000000000e-01
7.714843750000000000e-01
4.667968750000000000e-01
