1.826171875000000000e-01
4.111328125000000000e-01
1.894531250000000000e-01
4.873046875000000000e-01
2.011718750000000000e-01
5.625000000000000000e-01
2.167968750000000000e-01
6.328125000000000000e-01
2.480468750000000000e-01
6.953125000000000000e-01
2.978515625000000000e-01
7.480468750000000000e-01
3.603515625000000000e-01
7.861328125000000000e-01
4.228515625000000000e-01
8.173828125000000000e-01
4.833984375000000000e-01
8.281250000000000000e-01
5.419921875000000000e-01
8.173828125000000000e-01
5.947265625000000000e-01
7.832031250000000000e-01
6.494140625000000000e-01
7.421875000000000000e-01
6.933593750000000000e-01
6.914062500000000000e-01
7.216796875000000000e-01
6.298828125000000000e-01
7.353515625000000000e-01
5.625000000000000000e-01
7.470703125000000000e-01
4.951171875000000000e-01
7.548828125000000000e-01
4.238281250000000000e-01
