1.738281250000000000e-01
4.501953125000000000e-01
1.777343750000000000e-01
5.332031250000000000e-01
1.845703125000000000e-01
6.152343750000000000e-01
2.031250000000000000e-01
6.914062500000000000e-01
2.353515625000000000e-01
7.617187500000000000e-01
2.900390625000000000e-01
8.232421875000000000e-01
3.535156250000000000e-01
8.740234375000000000e-01
4.257812500000000000e-01
9.121093750000000000e-01
4.990234375000000000e-01
9.208984375000000000e-01
5.664062500000000000e-01
9.023437500000000000e-01
6.220703125000000000e-01
8.505859375000000000e-01
6.718750000000000000e-01
7.929687500000000000e-01
7.138671875000000000e-01
7.314453125000000000e-01
7.353515625000000000e-01
6.611328125000000000e-01
7.460937500000000000e-01
5.869140625000000000e-01
7.509765625000000000e-01
5.136718750000000000e-01
7.519531250000000000e-01
4.414062500000000000e-01
