1.503906250000000000e-01
4.218750000000000000e-01
1.591796875000000000e-01
5.048828125000000000e-01
1.738281250000000000e-01
5.878906250000000000e-01
1.992187500000000000e-01
6.621093750000000000e-01
2.392578125000000000e-01
7.265625000000000000e-01
2.939453125000000000e-01
7.773437500000000000e-01
3.593750000000000000e-01
8.125000000000000000e-01
4.257812500000000000e-01
8.398437500000000000e-01
4.804687500000000000e-01
8.476562500000000000e-01
5.283203125000000000e-01
8.339843750000000000e-01
5.771484375000000000e-01
7.998046875000000000e-01
6.289062500000000000e-01
7.626953125000000000e-01
6.767578125000000000e-01
7.197265625000000000e-01
7.089843750000000000e-01
6.640625000000000000e-01
7.246093750000000000e-01
5.986328125000000000e-01
7.324218750000000000e-01
5.312500000000000000e-01
7.392578125000000000e-01
4.609375000000000000e-01
