2.041015625000000000e-01
4.726562500000000000e-01
2.109375000000000000e-01
5.517578125000000000e-01
2.236328125000000000e-01
6.269531250000000000e-01
2.412109375000000000e-01
7.011718750000000000e-01
2.695312500000000000e-01
7.695312500000000000e-01
3.144531250000000000e-01
8.310546875000000000e-01
3.662109375000000000e-01
8.876953125000000000e-01
4.257812500000000000e-01
9.335937500000000000e-01
4.931640625000000000e-01
9.492187500000000000e-01
5.605468750000000000e-01
9.335937500000000000e-01
6.250000000000000000e-01
8.886718750000000000e-01
6.826171875000000000e-01
8.330078125000000000e-01
7.294921875000000000e-01
7.695312500000000000e-01
7.578125000000000000e-01
7.011718750000000000e-01
7.744140625000000000e-01
6.250000000000000000e-01
7.832031250000000000e-01
5.488281250000000000e-01
7.851562500000000000e-01
4.716796875000000000e-01
