1.738281250000000000e-01
4.199218750000000000e-01
1.865234375000000000e-01
5.039062500000000000e-01
2.080078125000000000e-01
5.820312500000000000e-01
2.285156250000000000e-01
6.533203125000000000e-01
2.597656250000000000e-01
7.197265625000000000e-01
3.095703125000000000e-01
7.744140625000000000e-01
3.642578125000000000e-01
8.193359375000000000e-01
4.199218750000000000e-01
8.525390625000000000e-01
4.755859375000000000e-01
8.603515625000000000e-01
5.244140625000000000e-01
8.447265625000000000e-01
5.693359375000000000e-01
8.037109375000000000e-01
6.181640625000000000e-01
7.617187500000000000e-01
6.611328125000000000e-01
7.158203125000000000e-01
6.884765625000000000e-01
6.582031250000000000e-01
7.031250000000000000e-01
5.917968750000000000e-01
7.138671875000000000e-01
5.263671875000000000e-01
7.207031250000000000e-01
4.541015625000000000e-01
