2.167968750000000000e-01
4.667968750000000000e-01
2.226562500000000000e-01
5.410156250000000000e-01
2.333984375000000000e-01
6.152343750000000000e-01
2.470703125000000000e-01
6.865234375000000000e-01
2.783203125000000000e-01
7.509765625000000000e-01
3.281250000000000000e-01
8.056640625000000000e-01
3.847656250000000000e-01
8.486328125000000000e-01
4.433593750000000000e-01
8.808593750000000000e-01
5.039062500000000000e-01
8.896484375000000000e-01
5.615234375000000000e-01
8.759765625000000000e-01
6.123046875000000000e-01
8.378906250000000000e-01
6.621093750000000000e-01
7.958984375000000000e-01
7.089843750000000000e-01
7.441406250000000000e-01
7.402343750000000000e-01
6.787109375000000000e-01
7.529296875000000000e-01
6.064453125000000000e-01
7.617187500000000000e-01
5.351562500000000000e-01
7.666015625000000000e-01
4.628906250000000000e-01
