1.787109375000000000e-01
4.375000000000000000e-01
1.923828125000000000e-01
5.166015625000000000e-01
2.119140625000000000e-01
5.947265625000000000e-01
2.333984375000000000e-01
6.650390625000000000e-01
2.646484375000000000e-01
7.275390625000000000e-01
3.115234375000000000e-01
7.773437500000000000e-01
3.740234375000000000e-01
8.125000000000000000e-01
4.375000000000000000e-01
8.398437500000000000e-01
4.990234375000000000e-01
8.476562500000000000e-01
5.556640625000000000e-01
8.369140625000000000e-01
6.074218750000000000e-01
8.076171875000000000e-01
6.582031250000000000e-01
7.685546875000000000e-01
6.992187500000000000e-01
7.187500000000000000e-01
7.265625000000000000e-01
6.552734375000000000e-01
7.451171875000000000e-01
5.859375000000000000e-01
7.636718750000000000e-01
5.166015625000000000e-01
7.763671875000000000e-01
4.433593750000000000e-01
