2.109375000000000000e-01
4.853515625000000000e-01
2.128906250000000000e-01
5.537109375000000000e-01
2.187500000000000000e-01
6.210937500000000000e-01
2.294921875000000000e-01
6.894531250000000000e-01
2.548828125000000000e-01
7.539062500000000000e-01
2.988281250000000000e-01
8.095703125000000000e-01
3.535156250000000000e-01
8.564453125000000000e-01
4.169921875000000000e-01
8.925781250000000000e-01
4.863281250000000000e-01
9.052734375000000000e-01
5.527343750000000000e-01
8.945312500000000000e-01
6.103515625000000000e-01
8.574218750000000000e-01
6.591796875000000000e-01
8.125000000000000000e-01
7.011718750000000000e-01
7.607421875000000000e-01
7.285156250000000000e-01
7.021484375000000000e-01
7.421875000000000000e-01
6.396484375000000000e-01
7.470703125000000000e-01
5.751953125000000000e-01
7.490234375000000000e-01
5.107421875000000000e-01
