2.255859375000000000e-01
4.892578125000000000e-01
2.255859375000000000e-01
5.625000000000000000e-01
2.304687500000000000e-01
6.367187500000000000e-01
2.402343750000000000e-01
7.109375000000000000e-01
2.636718750000000000e-01
7.812500000000000000e-01
3.066406250000000000e-01
8.417968750000000000e-01
3.632812500000000000e-01
8.925781250000000000e-01
4.287109375000000000e-01
9.355468750000000000e-01
5.009765625000000000e-01
9.482421875000000000e-01
5.751953125000000000e-01
9.355468750000000000e-01
6.416015625000000000e-01
8.935546875000000000e-01
7.001953125000000000e-01
8.437500000000000000e-01
7.490234375000000000e-01
7.822265625000000000e-01
7.802734375000000000e-01
7.128906250000000000e-01
7.978515625000000000e-01
6.367187500000000000e-01
8.037109375000000000e-01
5.576171875000000000e-01
8.056640625000000000e-01
4.814453125000000000e-01
