2.138671875000000000e-01
4.697265625000000000e-01
2.197265625000000000e-01
5.400390625000000000e-01
2.324218750000000000e-01
6.093750000000000000e-01
2.460937500000000000e-01
6.787109375000000000e-01
2.714843750000000000e-01
7.460937500000000000e-01
3.134765625000000000e-01
8.046875000000000000e-01
3.681640625000000000e-01
8.544921875000000000e-01
4.287109375000000000e-01
8.925781250000000000e-01
4.970703125000000000e-01
9.023437500000000000e-01
5.664062500000000000e-01
8.886718750000000000e-01
6.279296875000000000e-01
8.496093750000000000e-01
6.835937500000000000e-01
8.007812500000000000e-01
7.255859375000000000e-01
7.412109375000000000e-01
7.509765625000000000e-01
6.738281250000000000e-01
7.666015625000000000e-01
6.025390625000000000e-01
7.792968750000000000e-01
5.322265625000000000e-01
7.861328125000000000e-01
4.609375000000000000e-01
