2.197265625000000000e-01
4.824218750000000000e-01
2.197265625000000000e-01
5.595703125000000000e-01
2.236328125000000000e-01
6.367187500000000000e-01
2.353515625000000000e-01
7.109375000000000000e-01
2.636718750000000000e-01
7.812500000000000000e-01
3.095703125000000000e-01
8.457031250000000000e-01
3.652343750000000000e-01
9.052734375000000000e-01
4.287109375000000000e-01
9.511718750000000000e-01
5.029296875000000000e-01
9.658203125000000000e-01
5.781250000000000000e-01
9.501953125000000000e-01
6.396484375000000000e-01
9.013671875000000000e-01
6.884765625000000000e-01
8.427734375000000000e-01
7.304687500000000000e-01
7.753906250000000000e-01
7.548828125000000000e-01
7.060546875000000000e-01
7.646484375000000000e-01
6.318359375000000000e-01
7.685546875000000000e-01
5.585937500000000000e-01
7.705078125000000000e-01
4.833984375000000000e-01
