2.441406250000000000e-01
5.087890625000000000e-01
2.470703125000000000e-01
5.712890625000000000e-01
2.587890625000000000e-01
6.386718750000000000e-01
2.724609375000000000e-01
7.031250000000000000e-01
2.929687500000000000e-01
7.666015625000000000e-01
3.310546875000000000e-01
8.242187500000000000e-01
3.779296875000000000e-01
8.730468750000000000e-01
4.375000000000000000e-01
9.160156250000000000e-01
5.068359375000000000e-01
9.267578125000000000e-01
5.791015625000000000e-01
9.150390625000000000e-01
6.416015625000000000e-01
8.740234375000000000e-01
6.943359375000000000e-01
8.232421875000000000e-01
7.333984375000000000e-01
7.666015625000000000e-01
7.578125000000000000e-01
7.011718750000000000e-01
7.744140625000000000e-01
6.357421875000000000e-01
7.841796875000000000e-01
5.703125000000000000e-01
7.880859375000000000e-01
5.087890625000000000e-01
