1.865234375000000000e-01
4.912109375000000000e-01
1.933593750000000000e-01
5.703125000000000000e-01
2.070312500000000000e-01
6.494140625000000000e-01
2.246093750000000000e-01
7.246093750000000000e-01
2.539062500000000000e-01
7.958984375000000000e-01
3.046875000000000000e-01
8.515625000000000000e-01
3.701171875000000000e-01
8.916015625000000000e-01
4.404296875000000000e-01
9.199218750000000000e-01
5.107421875000000000e-01
9.248046875000000000e-01
5.732421875000000000e-01
9.042968750000000000e-01
6.269531250000000000e-01
8.583984375000000000e-01
6.738281250000000000e-01
8.076171875000000000e-01
7.138671875000000000e-01
7.519531250000000000e-01
7.363281250000000000e-01
6.865234375000000000e-01
7.470703125000000000e-01
6.191406250000000000e-01
7.539062500000000000e-01
5.507812500000000000e-01
7.568359375000000000e-01
4.804687500000000000e-01
