1.748046875000000000e-01
4.736328125000000000e-01
1.855468750000000000e-01
5.527343750000000000e-01
2.001953125000000000e-01
6.289062500000000000e-01
2.197265625000000000e-01
7.021484375000000000e-01
2.509765625000000000e-01
7.705078125000000000e-01
3.007812500000000000e-01
8.242187500000000000e-01
3.662109375000000000e-01
8.642578125000000000e-01
4.345703125000000000e-01
8.955078125000000000e-01
5.009765625000000000e-01
9.042968750000000000e-01
5.634765625000000000e-01
8.896484375000000000e-01
6.220703125000000000e-01
8.505859375000000000e-01
6.777343750000000000e-01
8.046875000000000000e-01
7.216796875000000000e-01
7.490234375000000000e-01
7.490234375000000000e-01
6.816406250000000000e-01
7.617187500000000000e-01
6.093750000000000000e-01
7.695312500000000000e-01
5.371093750000000000e-01
7.753906250000000000e-01
4.628906250000000000e-01
