2.519531250000000000e-01
5.039062500000000000e-01
2.490234375000000000e-01
5.673828125000000000e-01
2.529296875000000000e-01
6.337890625000000000e-01
2.617187500000000000e-01
7.001953125000000000e-01
2.773437500000000000e-01
7.705078125000000000e-01
3.105468750000000000e-01
8.320312500000000000e-01
3.583984375000000000e-01
8.837890625000000000e-01
4.179687500000000000e-01
9.238281250000000000e-01
4.873046875000000000e-01
9.365234375000000000e-01
5.605468750000000000e-01
9.277343750000000000e-01
6.308593750000000000e-01
8.994140625000000000e-01
6.933593750000000000e-01
8.544921875000000000e-01
7.402343750000000000e-01
7.939453125000000000e-01
7.685546875000000000e-01
7.246093750000000000e-01
7.851562500000000000e-01
6.523437500000000000e-01
7.958984375000000000e-01
5.781250000000000000e-01
8.007812500000000000e-01
5.048828125000000000e-01
