1.669921875000000000e-01
5.029296875000000000e-01
1.787109375000000000e-01
5.781250000000000000e-01
1.953125000000000000e-01
6.484375000000000000e-01
2.167968750000000000e-01
7.158203125000000000e-01
2.490234375000000000e-01
7.763671875000000000e-01
2.998046875000000000e-01
8.203125000000000000e-01
3.662109375000000000e-01
8.476562500000000000e-01
4.335937500000000000e-01
8.681640625000000000e-01
5.009765625000000000e-01
8.750000000000000000e-01
5.625000000000000000e-01
8.632812500000000000e-01
6.152343750000000000e-01
8.339843750000000000e-01
6.640625000000000000e-01
7.978515625000000000e-01
6.982421875000000000e-01
7.500000000000000000e-01
7.197265625000000000e-01
6.923828125000000000e-01
7.304687500000000000e-01
6.298828125000000000e-01
7.382812500000000000e-01
5.664062500000000000e-01
7.451171875000000000e-01
5.019531250000000000e-01
