2.294921875000000000e-01
4.804687500000000000e-01
2.373046875000000000e-01
5.576171875000000000e-01
2.500000000000000000e-01
6.357421875000000000e-01
2.617187500000000000e-01
7.119140625000000000e-01
2.871093750000000000e-01
7.812500000000000000e-01
3.310546875000000000e-01
8.427734375000000000e-01
3.828125000000000000e-01
8.984375000000000000e-01
4.423828125000000000e-01
9.443359375000000000e-01
5.097656250000000000e-01
9.570312500000000000e-01
5.771484375000000000e-01
9.414062500000000000e-01
6.406250000000000000e-01
8.945312500000000000e-01
6.992187500000000000e-01
8.437500000000000000e-01
7.500000000000000000e-01
7.832031250000000000e-01
7.792968750000000000e-01
7.148437500000000000e-01
7.929687500000000000e-01
6.376953125000000000e-01
8.017578125000000000e-01
5.605468750000000000e-01
8.066406250000000000e-01
4.804687500000000000e-01
