2.666015625000000000e-01
4.726562500000000000e-01
2.675781250000000000e-01
5.429687500000000000e-01
2.753906250000000000e-01
6.113281250000000000e-01
2.841796875000000000e-01
6.796875000000000000e-01
3.027343750000000000e-01
7.470703125000000000e-01
3.447265625000000000e-01
8.046875000000000000e-01
3.925781250000000000e-01
8.583984375000000000e-01
4.433593750000000000e-01
9.101562500000000000e-01
5.058593750000000000e-01
9.248046875000000000e-01
5.771484375000000000e-01
9.160156250000000000e-01
6.494140625000000000e-01
8.750000000000000000e-01
7.167968750000000000e-01
8.232421875000000000e-01
7.744140625000000000e-01
7.626953125000000000e-01
8.095703125000000000e-01
6.894531250000000000e-01
8.251953125000000000e-01
6.123046875000000000e-01
8.310546875000000000e-01
5.322265625000000000e-01
8.349609375000000000e-01
4.511718750000000000e-01
