2.548828125000000000e-01
5.000000000000000000e-01
2.539062500000000000e-01
5.673828125000000000e-01
2.578125000000000000e-01
6.337890625000000000e-01
2.666015625000000000e-01
7.011718750000000000e-01
2.890625000000000000e-01
7.656250000000000000e-01
3.261718750000000000e-01
8.232421875000000000e-01
3.730468750000000000e-01
8.740234375000000000e-01
4.287109375000000000e-01
9.218750000000000000e-01
4.941406250000000000e-01
9.414062500000000000e-01
5.654296875000000000e-01
9.287109375000000000e-01
6.347656250000000000e-01
8.945312500000000000e-01
6.962890625000000000e-01
8.525390625000000000e-01
7.460937500000000000e-01
7.949218750000000000e-01
7.822265625000000000e-01
7.285156250000000000e-01
7.998046875000000000e-01
6.562500000000000000e-01
8.105468750000000000e-01
5.839843750000000000e-01
8.164062500000000000e-01
5.117187500000000000e-01
