1.728515625000000000e-01
5.263671875000000000e-01
1.757812500000000000e-01
5.947265625000000000e-01
1.826171875000000000e-01
6.679687500000000000e-01
1.943359375000000000e-01
7.382812500000000000e-01
2.265625000000000000e-01
8.007812500000000000e-01
2.851562500000000000e-01
8.505859375000000000e-01
3.593750000000000000e-01
8.886718750000000000e-01
4.384765625000000000e-01
9.111328125000000000e-01
5.205078125000000000e-01
9.169921875000000000e-01
5.917968750000000000e-01
9.052734375000000000e-01
6.474609375000000000e-01
8.681640625000000000e-01
6.933593750000000000e-01
8.183593750000000000e-01
7.226562500000000000e-01
7.656250000000000000e-01
7.363281250000000000e-01
7.011718750000000000e-01
7.431640625000000000e-01
6.357421875000000000e-01
7.431640625000000000e-01
5.742187500000000000e-01
7.343750000000000000e-01
5.136718750000000000e-01
