2.109375000000000000e-01
4.521484375000000000e-01
2.207031250000000000e-01
5.273437500000000000e-01
2.333984375000000000e-01
6.005859375000000000e-01
2.460937500000000000e-01
6.718750000000000000e-01
2.734375000000000000e-01
7.373046875000000000e-01
3.164062500000000000e-01
7.900390625000000000e-01
3.730468750000000000e-01
8.339843750000000000e-01
4.326171875000000000e-01
8.720703125000000000e-01
4.960937500000000000e-01
8.847656250000000000e-01
5.546875000000000000e-01
8.710937500000000000e-01
6.113281250000000000e-01
8.320312500000000000e-01
6.650390625000000000e-01
7.890625000000000000e-01
7.099609375000000000e-01
7.382812500000000000e-01
7.373046875000000000e-01
6.757812500000000000e-01
7.509765625000000000e-01
6.054687500000000000e-01
7.626953125000000000e-01
5.361328125000000000e-01
7.724609375000000000e-01
4.638671875000000000e-01
