2.578125000000000000e-01
4.619140625000000000e-01
2.597656250000000000e-01
5.263671875000000000e-01
2.685546875000000000e-01
5.927734375000000000e-01
2.802734375000000000e-01
6.601562500000000000e-01
2.958984375000000000e-01
7.275390625000000000e-01
3.281250000000000000e-01
7.910156250000000000e-01
3.701171875000000000e-01
8.486328125000000000e-01
4.238281250000000000e-01
8.945312500000000000e-01
4.980468750000000000e-01
9.082031250000000000e-01
5.791015625000000000e-01
8.984375000000000000e-01
6.542968750000000000e-01
8.613281250000000000e-01
7.207031250000000000e-01
8.115234375000000000e-01
7.734375000000000000e-01
7.509765625000000000e-01
8.037109375000000000e-01
6.796875000000000000e-01
8.193359375000000000e-01
6.044921875000000000e-01
8.261718750000000000e-01
5.273437500000000000e-01
8.310546875000000000e-01
4.492187500000000000e-01
