2.324218750000000000e-01
5.234375000000000000e-01
2.304687500000000000e-01
5.859375000000000000e-01
2.353515625000000000e-01
6.474609375000000000e-01
2.421875000000000000e-01
7.119140625000000000e-01
2.617187500000000000e-01
7.734375000000000000e-01
2.968750000000000000e-01
8.281250000000000000e-01
3.505859375000000000e-01
8.710937500000000000e-01
4.130859375000000000e-01
9.062500000000000000e-01
4.902343750000000000e-01
9.199218750000000000e-01
5.683593750000000000e-01
9.101562500000000000e-01
6.386718750000000000e-01
8.808593750000000000e-01
6.972656250000000000e-01
8.398437500000000000e-01
7.373046875000000000e-01
7.871093750000000000e-01
7.558593750000000000e-01
7.226562500000000000e-01
7.656250000000000000e-01
6.562500000000000000e-01
7.744140625000000000e-01
5.937500000000000000e-01
7.802734375000000000e-01
5.302734375000000000e-01
