2.373046875000000000e-01
4.687500000000000000e-01
2.441406250000000000e-01
5.390625000000000000e-01
2.529296875000000000e-01
6.083984375000000000e-01
2.617187500000000000e-01
6.787109375000000000e-01
2.851562500000000000e-01
7.460937500000000000e-01
3.291015625000000000e-01
8.007812500000000000e-01
3.847656250000000000e-01
8.466796875000000000e-01
4.404296875000000000e-01
8.906250000000000000e-01
5.019531250000000000e-01
9.062500000000000000e-01
5.693359375000000000e-01
8.945312500000000000e-01
6.386718750000000000e-01
8.593750000000000000e-01
7.080078125000000000e-01
8.173828125000000000e-01
7.646484375000000000e-01
7.636718750000000000e-01
7.988281250000000000e-01
6.933593750000000000e-01
8.154296875000000000e-01
6.162109375000000000e-01
8.271484375000000000e-01
5.380859375000000000e-01
8.369140625000000000e-01
4.570312500000000000e-01
