2.226562500000000000e-01
4.853515625000000000e-01
2.236328125000000000e-01
5.498046875000000000e-01
2.275390625000000000e-01
6.152343750000000000e-01
2.373046875000000000e-01
6.845703125000000000e-01
2.587890625000000000e-01
7.480468750000000000e-01
2.988281250000000000e-01
8.027343750000000000e-01
3.515625000000000000e-01
8.476562500000000000e-01
4.179687500000000000e-01
8.818359375000000000e-01
4.951171875000000000e-01
8.916015625000000000e-01
5.722656250000000000e-01
8.818359375000000000e-01
6.416015625000000000e-01
8.496093750000000000e-01
7.001953125000000000e-01
8.066406250000000000e-01
7.431640625000000000e-01
7.529296875000000000e-01
7.656250000000000000e-01
6.904296875000000000e-01
7.753906250000000000e-01
6.240234375000000000e-01
7.802734375000000000e-01
5.576171875000000000e-01
7.822265625000000000e-01
4.902343750000000000e-01
