1.621093750000000000e-01
4.658203125000000000e-01
1.650390625000000000e-01
5.517578125000000000e-01
1.689453125000000000e-01
6.357421875000000000e-01
1.855468750000000000e-01
7.197265625000000000e-01
2.197265625000000000e-01
7.949218750000000000e-01
2.773437500000000000e-01
8.632812500000000000e-01
3.457031250000000000e-01
9.189453125000000000e-01
4.267578125000000000e-01
9.619140625000000000e-01
5.097656250000000000e-01
9.726562500000000000e-01
5.859375000000000000e-01
9.570312500000000000e-01
6.464843750000000000e-01
9.023437500000000000e-01
6.943359375000000000e-01
8.388671875000000000e-01
7.353515625000000000e-01
7.685546875000000000e-01
7.597656250000000000e-01
6.923828125000000000e-01
7.714843750000000000e-01
6.152343750000000000e-01
7.734375000000000000e-01
5.351562500000000000e-01
7.695312500000000000e-01
4.580078125000000000e-01
