2.587890625000000000e-01
4.248046875000000000e-01
2.646484375000000000e-01
4.980468750000000000e-01
2.744140625000000000e-01
5.693359375000000000e-01
2.871093750000000000e-01
6.396484375000000000e-01
3.076171875000000000e-01
7.021484375000000000e-01
3.466796875000000000e-01
7.568359375000000000e-01
3.896484375000000000e-01
8.076171875000000000e-01
4.355468750000000000e-01
8.603515625000000000e-01
4.970703125000000000e-01
8.808593750000000000e-01
5.605468750000000000e-01
8.710937500000000000e-01
6.181640625000000000e-01
8.291015625000000000e-01
6.708984375000000000e-01
7.792968750000000000e-01
7.197265625000000000e-01
7.216796875000000000e-01
7.480468750000000000e-01
6.572265625000000000e-01
7.646484375000000000e-01
5.830078125000000000e-01
7.783203125000000000e-01
5.029296875000000000e-01
7.871093750000000000e-01
4.218750000000000000e-01
