2.216796875000000000e-01
4.472656250000000000e-01
2.304687500000000000e-01
5.224609375000000000e-01
2.460937500000000000e-01
5.957031250000000000e-01
2.607421875000000000e-01
6.650390625000000000e-01
2.939453125000000000e-01
7.236328125000000000e-01
3.398437500000000000e-01
7.675781250000000000e-01
3.964843750000000000e-01
8.017578125000000000e-01
4.521484375000000000e-01
8.339843750000000000e-01
5.078125000000000000e-01
8.427734375000000000e-01
5.595703125000000000e-01
8.310546875000000000e-01
6.162109375000000000e-01
8.017578125000000000e-01
6.728515625000000000e-01
7.666015625000000000e-01
7.177734375000000000e-01
7.187500000000000000e-01
7.431640625000000000e-01
6.562500000000000000e-01
7.568359375000000000e-01
5.878906250000000000e-01
7.695312500000000000e-01
5.156250000000000000e-01
7.763671875000000000e-01
4.433593750000000000e-01
