2.265625000000000000e-01
4.970703125000000000e-01
2.314453125000000000e-01
5.771484375000000000e-01
2.412109375000000000e-01
6.542968750000000000e-01
2.578125000000000000e-01
7.285156250000000000e-01
2.890625000000000000e-01
7.929687500000000000e-01
3.330078125000000000e-01
8.496093750000000000e-01
3.828125000000000000e-01
8.994140625000000000e-01
4.365234375000000000e-01
9.404296875000000000e-01
5.000000000000000000e-01
9.511718750000000000e-01
5.654296875000000000e-01
9.345703125000000000e-01
6.308593750000000000e-01
8.867187500000000000e-01
6.865234375000000000e-01
8.320312500000000000e-01
7.343750000000000000e-01
7.685546875000000000e-01
7.636718750000000000e-01
6.982421875000000000e-01
7.783203125000000000e-01
6.259765625000000000e-01
7.871093750000000000e-01
5.517578125000000000e-01
7.929687500000000000e-01
4.765625000000000000e-01
