2.226562500000000000e-01
4.902343750000000000e-01
2.285156250000000000e-01
5.625000000000000000e-01
2.382812500000000000e-01
6.328125000000000000e-01
2.500000000000000000e-01
7.031250000000000000e-01
2.695312500000000000e-01
7.695312500000000000e-01
3.056640625000000000e-01
8.271484375000000000e-01
3.583984375000000000e-01
8.730468750000000000e-01
4.218750000000000000e-01
9.072265625000000000e-01
4.960937500000000000e-01
9.208984375000000000e-01
5.712890625000000000e-01
9.111328125000000000e-01
6.396484375000000000e-01
8.779296875000000000e-01
6.972656250000000000e-01
8.310546875000000000e-01
7.382812500000000000e-01
7.734375000000000000e-01
7.607421875000000000e-01
7.060546875000000000e-01
7.724609375000000000e-01
6.337890625000000000e-01
7.792968750000000000e-01
5.605468750000000000e-01
7.841796875000000000e-01
4.882812500000000000e-01
