2.460937500000000000e-01
4.990234375000000000e-01
2.460937500000000000e-01
5.644531250000000000e-01
2.519531250000000000e-01
6.308593750000000000e-01
2.607421875000000000e-01
6.972656250000000000e-01
2.783203125000000000e-01
7.626953125000000000e-01
3.115234375000000000e-01
8.203125000000000000e-01
3.593750000000000000e-01
8.701171875000000000e-01
4.169921875000000000e-01
9.111328125000000000e-01
4.902343750000000000e-01
9.257812500000000000e-01
5.693359375000000000e-01
9.169921875000000000e-01
6.435546875000000000e-01
8.847656250000000000e-01
7.070312500000000000e-01
8.398437500000000000e-01
7.558593750000000000e-01
7.861328125000000000e-01
7.832031250000000000e-01
7.177734375000000000e-01
7.968750000000000000e-01
6.455078125000000000e-01
8.066406250000000000e-01
5.761718750000000000e-01
8.154296875000000000e-01
5.019531250000000000e-01
