1.865234375000000000e-01
4.716796875000000000e-01
1.914062500000000000e-01
5.498046875000000000e-01
2.021484375000000000e-01
6.298828125000000000e-01
2.197265625000000000e-01
7.060546875000000000e-01
2.548828125000000000e-01
7.724609375000000000e-01
3.105468750000000000e-01
8.300781250000000000e-01
3.701171875000000000e-01
8.769531250000000000e-01
4.355468750000000000e-01
9.140625000000000000e-01
5.000000000000000000e-01
9.218750000000000000e-01
5.615234375000000000e-01
9.042968750000000000e-01
6.123046875000000000e-01
8.544921875000000000e-01
6.601562500000000000e-01
8.017578125000000000e-01
7.021484375000000000e-01
7.460937500000000000e-01
7.275390625000000000e-01
6.816406250000000000e-01
7.421875000000000000e-01
6.152343750000000000e-01
7.519531250000000000e-01
5.458984375000000000e-01
7.519531250000000000e-01
4.755859375000000000e-01
