2.070312500000000000e-01
4.873046875000000000e-01
2.177734375000000000e-01
5.585937500000000000e-01
2.314453125000000000e-01
6.259765625000000000e-01
2.490234375000000000e-01
6.914062500000000000e-01
2.763671875000000000e-01
7.539062500000000000e-01
3.183593750000000000e-01
8.056640625000000000e-01
3.740234375000000000e-01
8.476562500000000000e-01
4.345703125000000000e-01
8.808593750000000000e-01
5.009765625000000000e-01
8.906250000000000000e-01
5.683593750000000000e-01
8.779296875000000000e-01
6.318359375000000000e-01
8.447265625000000000e-01
6.884765625000000000e-01
8.066406250000000000e-01
7.294921875000000000e-01
7.578125000000000000e-01
7.519531250000000000e-01
6.972656250000000000e-01
7.597656250000000000e-01
6.298828125000000000e-01
7.685546875000000000e-01
5.654296875000000000e-01
7.773437500000000000e-01
4.980468750000000000e-01
