2.255859375000000000e-01
4.755859375000000000e-01
2.275390625000000000e-01
5.449218750000000000e-01
2.373046875000000000e-01
6.142578125000000000e-01
2.509765625000000000e-01
6.826171875000000000e-01
2.744140625000000000e-01
7.470703125000000000e-01
3.144531250000000000e-01
8.017578125000000000e-01
3.642578125000000000e-01
8.476562500000000000e-01
4.228515625000000000e-01
8.876953125000000000e-01
4.941406250000000000e-01
8.974609375000000000e-01
5.673828125000000000e-01
8.876953125000000000e-01
6.308593750000000000e-01
8.515625000000000000e-01
6.865234375000000000e-01
8.066406250000000000e-01
7.294921875000000000e-01
7.519531250000000000e-01
7.500000000000000000e-01
6.855468750000000000e-01
7.636718750000000000e-01
6.191406250000000000e-01
7.734375000000000000e-01
5.488281250000000000e-01
7.773437500000000000e-01
4.785156250000000000e-01
