2.294921875000000000e-01
4.541015625000000000e-01
2.333984375000000000e-01
5.273437500000000000e-01
2.431640625000000000e-01
6.015625000000000000e-01
2.568359375000000000e-01
6.728515625000000000e-01
2.802734375000000000e-01
7.421875000000000000e-01
3.183593750000000000e-01
8.027343750000000000e-01
3.652343750000000000e-01
8.574218750000000000e-01
4.218750000000000000e-01
8.994140625000000000e-01
4.863281250000000000e-01
9.111328125000000000e-01
5.488281250000000000e-01
8.974609375000000000e-01
6.025390625000000000e-01
8.525390625000000000e-01
6.484375000000000000e-01
7.988281250000000000e-01
6.884765625000000000e-01
7.412109375000000000e-01
7.167968750000000000e-01
6.757812500000000000e-01
7.343750000000000000e-01
6.054687500000000000e-01
7.480468750000000000e-01
5.332031250000000000e-01
7.539062500000000000e-01
4.589843750000000000e-01
