2.441406250000000000e-01
5.214843750000000000e-01
2.451171875000000000e-01
5.878906250000000000e-01
2.480468750000000000e-01
6.533203125000000000e-01
2.558593750000000000e-01
7.207031250000000000e-01
2.773437500000000000e-01
7.851562500000000000e-01
3.183593750000000000e-01
8.398437500000000000e-01
3.710937500000000000e-01
8.867187500000000000e-01
4.326171875000000000e-01
9.238281250000000000e-01
5.048828125000000000e-01
9.384765625000000000e-01
5.781250000000000000e-01
9.248046875000000000e-01
6.416015625000000000e-01
8.876953125000000000e-01
6.962890625000000000e-01
8.398437500000000000e-01
7.373046875000000000e-01
7.812500000000000000e-01
7.558593750000000000e-01
7.138671875000000000e-01
7.636718750000000000e-01
6.435546875000000000e-01
7.646484375000000000e-01
5.781250000000000000e-01
7.656250000000000000e-01
5.126953125000000000e-01
