2.568359375000000000e-01
4.921875000000000000e-01
2.548828125000000000e-01
5.605468750000000000e-01
2.656250000000000000e-01
6.289062500000000000e-01
2.783203125000000000e-01
6.972656250000000000e-01
2.968750000000000000e-01
7.646484375000000000e-01
3.291015625000000000e-01
8.232421875000000000e-01
3.750000000000000000e-01
8.759765625000000000e-01
4.306640625000000000e-01
9.150390625000000000e-01
4.980468750000000000e-01
9.277343750000000000e-01
5.712890625000000000e-01
9.160156250000000000e-01
6.406250000000000000e-01
8.808593750000000000e-01
7.011718750000000000e-01
8.359375000000000000e-01
7.451171875000000000e-01
7.792968750000000000e-01
7.705078125000000000e-01
7.138671875000000000e-01
7.773437500000000000e-01
6.435546875000000000e-01
7.822265625000000000e-01
5.742187500000000000e-01
7.802734375000000000e-01
5.058593750000000000e-01
