1.718750000000000000e-01
4.423828125000000000e-01
1.806640625000000000e-01
5.244140625000000000e-01
1.933593750000000000e-01
6.064453125000000000e-01
2.109375000000000000e-01
6.835937500000000000e-01
2.470703125000000000e-01
7.519531250000000000e-01
3.037109375000000000e-01
8.085937500000000000e-01
3.701171875000000000e-01
8.554687500000000000e-01
4.365234375000000000e-01
8.935546875000000000e-01
4.980468750000000000e-01
9.013671875000000000e-01
5.566406250000000000e-01
8.808593750000000000e-01
6.103515625000000000e-01
8.310546875000000000e-01
6.679687500000000000e-01
7.861328125000000000e-01
7.167968750000000000e-01
7.343750000000000000e-01
7.460937500000000000e-01
6.679687500000000000e-01
7.578125000000000000e-01
5.957031250000000000e-01
7.636718750000000000e-01
5.224609375000000000e-01
7.656250000000000000e-01
4.462890625000000000e-01
