2.138671875000000000e-01
4.628906250000000000e-01
2.207031250000000000e-01
5.341796875000000000e-01
2.343750000000000000e-01
6.044921875000000000e-01
2.500000000000000000e-01
6.757812500000000000e-01
2.792968750000000000e-01
7.402343750000000000e-01
3.222656250000000000e-01
7.949218750000000000e-01
3.730468750000000000e-01
8.427734375000000000e-01
4.306640625000000000e-01
8.808593750000000000e-01
4.931640625000000000e-01
8.916015625000000000e-01
5.556640625000000000e-01
8.798828125000000000e-01
6.132812500000000000e-01
8.388671875000000000e-01
6.669921875000000000e-01
7.949218750000000000e-01
7.138671875000000000e-01
7.441406250000000000e-01
7.421875000000000000e-01
6.816406250000000000e-01
7.548828125000000000e-01
6.123046875000000000e-01
7.666015625000000000e-01
5.439453125000000000e-01
7.734375000000000000e-01
4.755859375000000000e-01
