1.962890625000000000e-01
4.853515625000000000e-01
2.021484375000000000e-01
5.576171875000000000e-01
2.128906250000000000e-01
6.298828125000000000e-01
2.304687500000000000e-01
7.011718750000000000e-01
2.617187500000000000e-01
7.685546875000000000e-01
3.095703125000000000e-01
8.300781250000000000e-01
3.671875000000000000e-01
8.828125000000000000e-01
4.355468750000000000e-01
9.238281250000000000e-01
5.078125000000000000e-01
9.355468750000000000e-01
5.761718750000000000e-01
9.218750000000000000e-01
6.347656250000000000e-01
8.750000000000000000e-01
6.826171875000000000e-01
8.212890625000000000e-01
7.226562500000000000e-01
7.597656250000000000e-01
7.431640625000000000e-01
6.923828125000000000e-01
7.529296875000000000e-01
6.230468750000000000e-01
7.578125000000000000e-01
5.527343750000000000e-01
7.548828125000000000e-01
4.833984375000000000e-01
