2.207031250000000000e-01
5.292968750000000000e-01
2.236328125000000000e-01
5.947265625000000000e-01
2.314453125000000000e-01
6.582031250000000000e-01
2.431640625000000000e-01
7.207031250000000000e-01
2.626953125000000000e-01
7.783203125000000000e-01
2.998046875000000000e-01
8.251953125000000000e-01
3.564453125000000000e-01
8.593750000000000000e-01
4.228515625000000000e-01
8.896484375000000000e-01
4.931640625000000000e-01
9.013671875000000000e-01
5.673828125000000000e-01
8.935546875000000000e-01
6.367187500000000000e-01
8.652343750000000000e-01
6.933593750000000000e-01
8.251953125000000000e-01
7.294921875000000000e-01
7.705078125000000000e-01
7.441406250000000000e-01
7.089843750000000000e-01
7.509765625000000000e-01
6.455078125000000000e-01
7.578125000000000000e-01
5.849609375000000000e-01
7.597656250000000000e-01
5.234375000000000000e-01
