1.669921875000000000e-01
5.097656250000000000e-01
1.796875000000000000e-01
5.878906250000000000e-01
1.943359375000000000e-01
6.660156250000000000e-01
2.128906250000000000e-01
7.421875000000000000e-01
2.460937500000000000e-01
8.095703125000000000e-01
3.027343750000000000e-01
8.632812500000000000e-01
3.730468750000000000e-01
9.033203125000000000e-01
4.453125000000000000e-01
9.355468750000000000e-01
5.156250000000000000e-01
9.433593750000000000e-01
5.849609375000000000e-01
9.267578125000000000e-01
6.494140625000000000e-01
8.828125000000000000e-01
7.060546875000000000e-01
8.320312500000000000e-01
7.441406250000000000e-01
7.734375000000000000e-01
7.636718750000000000e-01
7.001953125000000000e-01
7.724609375000000000e-01
6.289062500000000000e-01
7.783203125000000000e-01
5.566406250000000000e-01
7.773437500000000000e-01
4.814453125000000000e-01
