1.865234375000000000e-01
4.287109375000000000e-01
1.982421875000000000e-01
5.097656250000000000e-01
2.138671875000000000e-01
5.869140625000000000e-01
2.294921875000000000e-01
6.611328125000000000e-01
2.578125000000000000e-01
7.304687500000000000e-01
3.066406250000000000e-01
7.890625000000000000e-01
3.691406250000000000e-01
8.349609375000000000e-01
4.335937500000000000e-01
8.710937500000000000e-01
4.980468750000000000e-01
8.808593750000000000e-01
5.585937500000000000e-01
8.681640625000000000e-01
6.142578125000000000e-01
8.291015625000000000e-01
6.679687500000000000e-01
7.832031250000000000e-01
7.089843750000000000e-01
7.275390625000000000e-01
7.314453125000000000e-01
6.601562500000000000e-01
7.460937500000000000e-01
5.917968750000000000e-01
7.636718750000000000e-01
5.214843750000000000e-01
7.773437500000000000e-01
4.472656250000000000e-01
