1.738281250000000000e-01
4.609375000000000000e-01
1.855468750000000000e-01
5.400390625000000000e-01
1.982421875000000000e-01
6.171875000000000000e-01
2.167968750000000000e-01
6.914062500000000000e-01
2.519531250000000000e-01
7.578125000000000000e-01
3.076171875000000000e-01
8.095703125000000000e-01
3.730468750000000000e-01
8.496093750000000000e-01
4.394531250000000000e-01
8.818359375000000000e-01
5.068359375000000000e-01
8.896484375000000000e-01
5.712890625000000000e-01
8.710937500000000000e-01
6.279296875000000000e-01
8.300781250000000000e-01
6.835937500000000000e-01
7.851562500000000000e-01
7.246093750000000000e-01
7.324218750000000000e-01
7.441406250000000000e-01
6.660156250000000000e-01
7.509765625000000000e-01
5.966796875000000000e-01
7.568359375000000000e-01
5.283203125000000000e-01
7.587890625000000000e-01
4.609375000000000000e-01
