2.431640625000000000e-01
4.658203125000000000e-01
2.451171875000000000e-01
5.322265625000000000e-01
2.519531250000000000e-01
5.966796875000000000e-01
2.626953125000000000e-01
6.611328125000000000e-01
2.890625000000000000e-01
7.197265625000000000e-01
3.320312500000000000e-01
7.666015625000000000e-01
3.837890625000000000e-01
8.076171875000000000e-01
4.365234375000000000e-01
8.457031250000000000e-01
4.960937500000000000e-01
8.583984375000000000e-01
5.556640625000000000e-01
8.476562500000000000e-01
6.123046875000000000e-01
8.105468750000000000e-01
6.699218750000000000e-01
7.695312500000000000e-01
7.197265625000000000e-01
7.216796875000000000e-01
7.500000000000000000e-01
6.621093750000000000e-01
7.646484375000000000e-01
5.947265625000000000e-01
7.753906250000000000e-01
5.253906250000000000e-01
7.812500000000000000e-01
4.541015625000000000e-01
