2.412109375000000000e-01
4.765625000000000000e-01
2.392578125000000000e-01
5.498046875000000000e-01
2.441406250000000000e-01
6.210937500000000000e-01
2.558593750000000000e-01
6.923828125000000000e-01
2.822265625000000000e-01
7.578125000000000000e-01
3.222656250000000000e-01
8.173828125000000000e-01
3.701171875000000000e-01
8.710937500000000000e-01
4.267578125000000000e-01
9.169921875000000000e-01
4.941406250000000000e-01
9.326171875000000000e-01
5.673828125000000000e-01
9.228515625000000000e-01
6.386718750000000000e-01
8.867187500000000000e-01
6.982421875000000000e-01
8.339843750000000000e-01
7.480468750000000000e-01
7.705078125000000000e-01
7.802734375000000000e-01
7.021484375000000000e-01
7.988281250000000000e-01
6.279296875000000000e-01
8.085937500000000000e-01
5.527343750000000000e-01
8.154296875000000000e-01
4.726562500000000000e-01
