2.177734375000000000e-01
4.541015625000000000e-01
2.226562500000000000e-01
5.283203125000000000e-01
2.294921875000000000e-01
6.044921875000000000e-01
2.441406250000000000e-01
6.748046875000000000e-01
2.812500000000000000e-01
7.353515625000000000e-01
3.339843750000000000e-01
7.880859375000000000e-01
3.896484375000000000e-01
8.330078125000000000e-01
4.423828125000000000e-01
8.750000000000000000e-01
5.009765625000000000e-01
8.876953125000000000e-01
5.605468750000000000e-01
8.759765625000000000e-01
6.113281250000000000e-01
8.339843750000000000e-01
6.611328125000000000e-01
7.871093750000000000e-01
7.060546875000000000e-01
7.363281250000000000e-01
7.402343750000000000e-01
6.767578125000000000e-01
7.568359375000000000e-01
6.083984375000000000e-01
7.685546875000000000e-01
5.341796875000000000e-01
7.734375000000000000e-01
4.628906250000000000e-01
