2.138671875000000000e-01
5.097656250000000000e-01
2.128906250000000000e-01
5.810546875000000000e-01
2.167968750000000000e-01
6.503906250000000000e-01
2.275390625000000000e-01
7.226562500000000000e-01
2.500000000000000000e-01
7.919921875000000000e-01
2.910156250000000000e-01
8.515625000000000000e-01
3.457031250000000000e-01
8.994140625000000000e-01
4.111328125000000000e-01
9.394531250000000000e-01
4.873046875000000000e-01
9.531250000000000000e-01
5.673828125000000000e-01
9.443359375000000000e-01
6.416015625000000000e-01
9.111328125000000000e-01
7.050781250000000000e-01
8.652343750000000000e-01
7.558593750000000000e-01
8.095703125000000000e-01
7.851562500000000000e-01
7.421875000000000000e-01
7.978515625000000000e-01
6.669921875000000000e-01
8.017578125000000000e-01
5.937500000000000000e-01
8.027343750000000000e-01
5.224609375000000000e-01
