2.207031250000000000e-01
5.039062500000000000e-01
2.216796875000000000e-01
5.771484375000000000e-01
2.353515625000000000e-01
6.542968750000000000e-01
2.519531250000000000e-01
7.304687500000000000e-01
2.763671875000000000e-01
8.017578125000000000e-01
3.154296875000000000e-01
8.632812500000000000e-01
3.720703125000000000e-01
9.072265625000000000e-01
4.355468750000000000e-01
9.404296875000000000e-01
5.078125000000000000e-01
9.492187500000000000e-01
5.771484375000000000e-01
9.306640625000000000e-01
6.416015625000000000e-01
8.945312500000000000e-01
7.031250000000000000e-01
8.525390625000000000e-01
7.490234375000000000e-01
7.988281250000000000e-01
7.792968750000000000e-01
7.333984375000000000e-01
7.949218750000000000e-01
6.611328125000000000e-01
8.037109375000000000e-01
5.849609375000000000e-01
8.056640625000000000e-01
5.087890625000000000e-01
