2.041015625000000000e-01
4.882812500000000000e-01
2.060546875000000000e-01
5.673828125000000000e-01
2.138671875000000000e-01
6.464843750000000000e-01
2.275390625000000000e-01
7.246093750000000000e-01
2.587890625000000000e-01
7.949218750000000000e-01
3.076171875000000000e-01
8.574218750000000000e-01
3.662109375000000000e-01
9.101562500000000000e-01
4.316406250000000000e-01
9.482421875000000000e-01
5.009765625000000000e-01
9.589843750000000000e-01
5.683593750000000000e-01
9.404296875000000000e-01
6.259765625000000000e-01
8.906250000000000000e-01
6.777343750000000000e-01
8.330078125000000000e-01
7.197265625000000000e-01
7.714843750000000000e-01
7.441406250000000000e-01
7.001953125000000000e-01
7.558593750000000000e-01
6.259765625000000000e-01
7.626953125000000000e-01
5.527343750000000000e-01
7.636718750000000000e-01
4.775390625000000000e-01
