2.714843750000000000e-01
4.853515625000000000e-01
2.646484375000000000e-01
5.439453125000000000e-01
2.675781250000000000e-01
6.044921875000000000e-01
2.734375000000000000e-01
6.689453125000000000e-01
2.812500000000000000e-01
7.343750000000000000e-01
3.085937500000000000e-01
7.958984375000000000e-01
3.535156250000000000e-01
8.466796875000000000e-01
4.091796875000000000e-01
8.837890625000000000e-01
4.804687500000000000e-01
8.955078125000000000e-01
5.585937500000000000e-01
8.867187500000000000e-01
6.337890625000000000e-01
8.642578125000000000e-01
7.041015625000000000e-01
8.291015625000000000e-01
7.578125000000000000e-01
7.832031250000000000e-01
7.841796875000000000e-01
7.207031250000000000e-01
7.978515625000000000e-01
6.533203125000000000e-01
8.056640625000000000e-01
5.849609375000000000e-01
8.115234375000000000e-01
5.175781250000000000e-01
