1.855468750000000000e-01
4.882812500000000000e-01
1.894531250000000000e-01
5.634765625000000000e-01
1.972656250000000000e-01
6.396484375000000000e-01
2.128906250000000000e-01
7.138671875000000000e-01
2.431640625000000000e-01
7.832031250000000000e-01
2.939453125000000000e-01
8.417968750000000000e-01
3.583984375000000000e-01
8.876953125000000000e-01
4.316406250000000000e-01
9.218750000000000000e-01
5.058593750000000000e-01
9.287109375000000000e-01
5.761718750000000000e-01
9.101562500000000000e-01
6.376953125000000000e-01
8.632812500000000000e-01
6.914062500000000000e-01
8.134765625000000000e-01
7.285156250000000000e-01
7.558593750000000000e-01
7.451171875000000000e-01
6.884765625000000000e-01
7.539062500000000000e-01
6.201171875000000000e-01
7.587890625000000000e-01
5.546875000000000000e-01
7.539062500000000000e-01
4.892578125000000000e-01
