2.294921875000000000e-01
5.068359375000000000e-01
2.333984375000000000e-01
5.751953125000000000e-01
2.402343750000000000e-01
6.445312500000000000e-01
2.490234375000000000e-01
7.128906250000000000e-01
2.724609375000000000e-01
7.773437500000000000e-01
3.144531250000000000e-01
8.291015625000000000e-01
3.691406250000000000e-01
8.740234375000000000e-01
4.296875000000000000e-01
9.130859375000000000e-01
5.009765625000000000e-01
9.248046875000000000e-01
5.732421875000000000e-01
9.121093750000000000e-01
6.386718750000000000e-01
8.740234375000000000e-01
6.953125000000000000e-01
8.251953125000000000e-01
7.382812500000000000e-01
7.685546875000000000e-01
7.626953125000000000e-01
7.041015625000000000e-01
7.734375000000000000e-01
6.347656250000000000e-01
7.773437500000000000e-01
5.673828125000000000e-01
7.812500000000000000e-01
5.009765625000000000e-01
