2.363281250000000000e-01
4.892578125000000000e-01
2.343750000000000000e-01
5.576171875000000000e-01
2.392578125000000000e-01
6.250000000000000000e-01
2.490234375000000000e-01
6.914062500000000000e-01
2.714843750000000000e-01
7.529296875000000000e-01
3.095703125000000000e-01
8.076171875000000000e-01
3.603515625000000000e-01
8.564453125000000000e-01
4.199218750000000000e-01
8.984375000000000000e-01
4.873046875000000000e-01
9.140625000000000000e-01
5.556640625000000000e-01
9.033203125000000000e-01
6.191406250000000000e-01
8.632812500000000000e-01
6.728515625000000000e-01
8.125000000000000000e-01
7.187500000000000000e-01
7.539062500000000000e-01
7.441406250000000000e-01
6.875000000000000000e-01
7.539062500000000000e-01
6.162109375000000000e-01
7.636718750000000000e-01
5.478515625000000000e-01
7.675781250000000000e-01
4.804687500000000000e-01
