2.402343750000000000e-01
4.531250000000000000e-01
2.470703125000000000e-01
5.253906250000000000e-01
2.617187500000000000e-01
5.947265625000000000e-01
2.783203125000000000e-01
6.630859375000000000e-01
3.046875000000000000e-01
7.236328125000000000e-01
3.457031250000000000e-01
7.783203125000000000e-01
3.945312500000000000e-01
8.242187500000000000e-01
4.462890625000000000e-01
8.623046875000000000e-01
5.048828125000000000e-01
8.759765625000000000e-01
5.644531250000000000e-01
8.642578125000000000e-01
6.201171875000000000e-01
8.291015625000000000e-01
6.728515625000000000e-01
7.851562500000000000e-01
7.177734375000000000e-01
7.324218750000000000e-01
7.480468750000000000e-01
6.689453125000000000e-01
7.656250000000000000e-01
5.976562500000000000e-01
7.753906250000000000e-01
5.253906250000000000e-01
7.812500000000000000e-01
4.492187500000000000e-01
