2.041015625000000000e-01
5.156250000000000000e-01
2.080078125000000000e-01
5.869140625000000000e-01
2.148437500000000000e-01
6.591796875000000000e-01
2.285156250000000000e-01
7.304687500000000000e-01
2.558593750000000000e-01
7.949218750000000000e-01
3.046875000000000000e-01
8.466796875000000000e-01
3.652343750000000000e-01
8.876953125000000000e-01
4.316406250000000000e-01
9.179687500000000000e-01
5.048828125000000000e-01
9.267578125000000000e-01
5.761718750000000000e-01
9.150390625000000000e-01
6.347656250000000000e-01
8.779296875000000000e-01
6.845703125000000000e-01
8.291015625000000000e-01
7.236328125000000000e-01
7.714843750000000000e-01
7.460937500000000000e-01
7.050781250000000000e-01
7.568359375000000000e-01
6.367187500000000000e-01
7.597656250000000000e-01
5.703125000000000000e-01
7.578125000000000000e-01
5.039062500000000000e-01
