2.617187500000000000e-01
4.990234375000000000e-01
2.558593750000000000e-01
5.615234375000000000e-01
2.578125000000000000e-01
6.240234375000000000e-01
2.666015625000000000e-01
6.914062500000000000e-01
2.851562500000000000e-01
7.558593750000000000e-01
3.173828125000000000e-01
8.144531250000000000e-01
3.632812500000000000e-01
8.681640625000000000e-01
4.199218750000000000e-01
9.169921875000000000e-01
4.902343750000000000e-01
9.345703125000000000e-01
5.673828125000000000e-01
9.267578125000000000e-01
6.425781250000000000e-01
8.935546875000000000e-01
7.089843750000000000e-01
8.476562500000000000e-01
7.607421875000000000e-01
7.900390625000000000e-01
7.900390625000000000e-01
7.226562500000000000e-01
8.056640625000000000e-01
6.494140625000000000e-01
8.154296875000000000e-01
5.771484375000000000e-01
8.212890625000000000e-01
5.039062500000000000e-01
