1.748046875000000000e-01
4.687500000000000000e-01
1.757812500000000000e-01
5.498046875000000000e-01
1.835937500000000000e-01
6.308593750000000000e-01
2.001953125000000000e-01
7.070312500000000000e-01
2.392578125000000000e-01
7.734375000000000000e-01
2.949218750000000000e-01
8.320312500000000000e-01
3.603515625000000000e-01
8.750000000000000000e-01
4.326171875000000000e-01
9.072265625000000000e-01
5.039062500000000000e-01
9.150390625000000000e-01
5.654296875000000000e-01
8.935546875000000000e-01
6.132812500000000000e-01
8.447265625000000000e-01
6.591796875000000000e-01
7.949218750000000000e-01
6.953125000000000000e-01
7.382812500000000000e-01
7.158203125000000000e-01
6.748046875000000000e-01
7.275390625000000000e-01
6.093750000000000000e-01
7.343750000000000000e-01
5.419921875000000000e-01
7.333984375000000000e-01
4.746093750000000000e-01
