1.787109375000000000e-01
4.912109375000000000e-01
1.923828125000000000e-01
5.673828125000000000e-01
2.080078125000000000e-01
6.406250000000000000e-01
2.226562500000000000e-01
7.128906250000000000e-01
2.519531250000000000e-01
7.763671875000000000e-01
3.066406250000000000e-01
8.242187500000000000e-01
3.720703125000000000e-01
8.642578125000000000e-01
4.384765625000000000e-01
8.984375000000000000e-01
5.039062500000000000e-01
9.091796875000000000e-01
5.664062500000000000e-01
8.945312500000000000e-01
6.220703125000000000e-01
8.574218750000000000e-01
6.738281250000000000e-01
8.164062500000000000e-01
7.138671875000000000e-01
7.666015625000000000e-01
7.373046875000000000e-01
6.992187500000000000e-01
7.451171875000000000e-01
6.289062500000000000e-01
7.539062500000000000e-01
5.585937500000000000e-01
7.617187500000000000e-01
4.853515625000000000e-01
