2.021484375000000000e-01
4.658203125000000000e-01
2.089843750000000000e-01
5.400390625000000000e-01
2.197265625000000000e-01
6.123046875000000000e-01
2.363281250000000000e-01
6.845703125000000000e-01
2.666015625000000000e-01
7.519531250000000000e-01
3.125000000000000000e-01
8.085937500000000000e-01
3.691406250000000000e-01
8.574218750000000000e-01
4.345703125000000000e-01
8.935546875000000000e-01
4.970703125000000000e-01
9.052734375000000000e-01
5.585937500000000000e-01
8.935546875000000000e-01
6.181640625000000000e-01
8.564453125000000000e-01
6.718750000000000000e-01
8.095703125000000000e-01
7.138671875000000000e-01
7.539062500000000000e-01
7.402343750000000000e-01
6.884765625000000000e-01
7.558593750000000000e-01
6.201171875000000000e-01
7.666015625000000000e-01
5.507812500000000000e-01
7.724609375000000000e-01
4.794921875000000000e-01
