0.1784965317919075
0.44239067357512957
0.1969965317919075
0.5031652849740933
0.21549653179190753
0.5731481865284974
0.2319416184971098
0.6357642487046632
0.24633005780346817
0.6781222797927462
0.29155260115606935
0.7425797927461141
0.3429421965317919
0.8070383419689119
0.40049768786127166
0.8807041450777202
0.48994393063583813
0.8951046632124353
0.560221387283237
0.8951046632124353
0.6142768786127167
0.8401880829015543
0.675943352601156
0.7702046632124352
0.735914450867052
0.6995720207253887
0.7561109826589595
0.6265559585492227
0.7705
0.5620979274611398
0.7828329479768786
0.4884321243523316
0.797221965317919
0.4258155440414508
