0.19700380952380955
0.4845966666666667
0.21014238095238097
0.5487971428571429
0.2247404761904762
0.6217528571428571
0.24079857142857147
0.6830352380952381
0.2641557142857143
0.7574500000000001
0.31233
0.8056004761904763
0.35758428571428574
0.8537509523809524
0.40283904761904765
0.9091976190476191
0.4699904761904762
0.9267066666666667
0.5575800000000001
0.9194109523809525
0.618892380952381
0.8610466666666666
0.6685266666666667
0.8056004761904763
0.72254
0.7457771428571429
0.742977619047619
0.6830352380952381
0.7575757142857144
0.6246709523809525
0.7707142857142858
0.5458790476190477
0.7809333333333335
0.4729238095238095
