0.20336730769230768
0.47696474358974356
0.21939551282051284
0.5357064102564102
0.23542371794871797
0.5908878205128205
0.2567948717948718
0.6603096153846154
0.28528974358974357
0.7297307692307692
0.31022243589743587
0.7813525641025642
0.3387173076923077
0.832973717948718
0.37077371794871794
0.8917153846153846
0.4616
0.9362160256410256
0.5755788461538461
0.9326564102564103
0.6307871794871794
0.8578942307692308
0.6913378205128204
0.7902525641025641
0.7572320512820513
0.7226108974358975
0.7714794871794872
0.665649358974359
0.7821647435897436
0.6069083333333333
0.7946314102564103
0.5463865384615384
0.8035358974358975
0.489425
