0.20123862068965517
0.4780110344827586
0.21350137931034482
0.537761724137931
0.23036206896551725
0.5990441379310345
0.24875586206896552
0.6603268965517242
0.26715
0.7154810344827586
0.31313413793103445
0.7706355172413792
0.35911862068965517
0.827321724137931
0.4219641379310345
0.8794120689655173
0.4817437931034483
0.9054572413793104
0.5660486206896551
0.8932006896551725
0.6334924137931034
0.8288541379310345
0.6840751724137931
0.7691034482758621
0.739256551724138
0.698628275862069
0.7576503448275862
0.634281724137931
0.7699127586206896
0.5791272413793104
0.7806424137931035
0.517844827586207
0.7929051724137931
0.4504337931034483
