0.19117685185185182
0.4696935185185185
0.1975087962962963
0.5298194444444444
0.21017314814814814
0.5883629629629629
0.23075277777777775
0.6611467592592593
0.2529152777777778
0.7418421296296296
0.2972402777777778
0.7829810185185184
0.34314814814814815
0.8415245370370369
0.3900652777777777
0.9028962962962962
0.4620935185185185
0.9214087962962964
0.560874537037037
0.9152379629629629
0.6143810185185185
0.8473587962962963
0.6678879629629629
0.7835935185185186
0.7111046296296296
0.7342273148148147
0.7275680555555555
0.651949537037037
0.7440319444444444
0.5614444444444444
0.7502055555555555
0.5100208333333334
0.7563796296296296
0.4400847222222222
