0.21087454545454545
0.47924844720496895
0.2162630303030303
0.5362807453416149
0.22703878787878787
0.6098708074534162
0.2396109090909091
0.6724217391304348
0.27553151515151514
0.7294540372670807
0.31684
0.7901658385093168
0.3644149592228763
0.8420836412903241
0.41921393939393936
0.8637559006211178
0.4802781818181819
0.8674354037267081
0.5539157575757576
0.8527173913043478
0.6239606060606061
0.812242857142857
0.6868212121212122
0.7662490683229813
0.7317218181818181
0.7165757763975155
0.7407024242424243
0.6540248447204968
0.7514781818181818
0.6080310559006211
0.7604581818181818
0.5565180124223602
0.7748266666666667
0.4958062111801242
