0.22737555555555555
0.483286350148368
0.23604074074074075
0.5235320474777448
0.24990481481481483
0.5804311572700297
0.2707007407407408
0.6387181008902078
0.2966959259259259
0.699780415430267
0.3556181481481482
0.7705575667655787
0.3989433333333333
0.8177421364985163
0.44920037037037036
0.8621513353115727
0.5133218518518519
0.8746412462908012
0.5843748148148149
0.8621513353115727
0.6380981481481481
0.8177421364985163
0.7022192592592593
0.7622308605341247
0.7715396296296296
0.7025560830860534
0.7923359259259259
0.6414934718100891
0.8113988888888889
0.583206824925816
0.825262962962963
0.5429608308605341
0.842592962962963
0.48744955489614245
