0.17886954732510288
0.3935213991769547
0.1840962962962963
0.4683983539094651
0.19280699588477368
0.5432753086419753
0.20326008230452677
0.6094452674897121
0.2224238683127572
0.6721329218106997
0.28165802469135803
0.7557164609053499
0.3461185185185186
0.8375588477366256
0.42103209876543213
0.9194012345679013
0.4889769547325103
0.9333316872427985
0.5673748971193415
0.9246251028806585
0.6161559670781893
0.8741267489711935
0.6631946502057613
0.8253695473251029
0.7503032921810701
0.7417860082304527
0.7834045267489712
0.6390477366255145
0.8095374485596709
0.5450164609053498
0.8269592592592593
0.4527263374485597
0.8374123456790123
0.39874526748971195
