0.23841487885565807
0.4864514463983593
0.2507116751269035
0.5405015228426396
0.2619939086294416
0.6006436548223351
0.27515634517766496
0.6607857868020305
0.29207969543147205
0.7284451776649746
0.3447294416243654
0.7810695431472081
0.3936187817258883
0.8280553299492386
0.46054933334107306
0.8826969918453504
0.5213412568539584
0.8886645452406365
0.5869147208121828
0.8826010152284263
0.6444345177664974
0.838633502538071
0.6934959390862943
0.7963568527918781
0.7621685279187816
0.7340837563451775
0.7715705583756345
0.6720619289340101
0.780972081218274
0.6156791878172588
0.7922543147208121
0.5536578680203045
0.8053140551544941
0.4864514463983593
