0.23571217948717946
0.4335451923076923
0.23951153846153844
0.4924051282051282
0.24900961538461538
0.5645564102564102
0.26610641025641024
0.6291125
0.2984003205128205
0.720250641025641
0.3420923076923077
0.7905032051282052
0.3848477564102564
0.8566285256410257
0.4190301282051282
0.9130054487179488
0.4883647435897436
0.9234128205128205
0.5711416666666667
0.9198391025641025
0.6224153846153846
0.858336858974359
0.661725
0.7934176282051282
0.7078714743589744
0.7267900641025641
0.736926282051282
0.6482035256410256
0.7562141025641025
0.5740496794871794
0.7728176282051282
0.497864423076923
0.7864907051282051
0.4295285256410256
