0.16728393574297187
0.597196049382716
0.18513614457831323
0.6410772839506172
0.20745100401606423
0.6895296296296296
0.23422931726907628
0.7507807407407406
0.2610072289156626
0.8010614814814814
0.3339028112449799
0.855913086419753
0.3889469879518072
0.9025370370370369
0.445478313253012
0.9500753086419753
0.5213497991967871
0.9610456790123456
0.6061469879518072
0.9528177777777779
0.6582152610441766
0.9144217283950618
0.7221851405622489
0.8586558024691359
0.7876429718875501
0.8074607407407407
0.8173963855421686
0.748038024691358
0.8411987951807227
0.6840444444444445
0.8650016064257028
0.6310212345679013
0.8798783132530119
0.5843972839506173
