0.1831539893617021
0.4366159574468085
0.20115425531914893
0.5151297872340425
0.21097287234042553
0.5642007978723405
0.21915478723404253
0.6132718085106383
0.23060930851063832
0.6852428191489361
0.28133749999999996
0.7490351063829788
0.3271563829787234
0.8046489361702127
0.3811571808510638
0.8717127659574468
0.49418320362571966
0.9002818205652667
0.6135244680851064
0.8847981382978723
0.664252659574468
0.8324558510638298
0.7018896276595745
0.7817492021276595
0.7477085106382978
0.727771010638298
0.7605746359213967
0.6745786168496749
0.7722545212765958
0.6230859042553192
0.7886183510638298
0.5462079787234042
0.8066183510638297
0.45297313829787234
