0.21994952380952382
0.4656859523809524
0.2377747619047619
0.5380652380952382
0.2600561904761905
0.6104447619047619
0.28122380952380954
0.6716890476190477
0.3035052380952381
0.7340466666666667
0.3558669047619048
0.780815
0.4048861904761905
0.826469761904762
0.46170404761904765
0.8799192857142858
0.5051530952380953
0.8921680952380954
0.5641990476190477
0.8821464285714287
0.6299295238095238
0.8220157142857144
0.6822911904761905
0.7719069047619048
0.7301961904761904
0.7195709523809525
0.7524778571428572
0.6594402380952381
0.7703030952380954
0.5993095238095238
0.7892423809523811
0.5302707142857143
0.8048392857142859
0.4679128571428572
