0.18220430107526883
0.41985376344086023
0.19374139784946237
0.48739677419354843
0.20692741935483874
0.5401129032258065
0.22835376344086022
0.6323661290322581
0.24978010752688173
0.7048510752688173
0.3124112903225807
0.7690989247311829
0.3618569892473119
0.8267569892473119
0.4195435483870968
0.897594623655914
0.4920634408602151
0.9008892473118281
0.5893069892473118
0.8811209677419355
0.6519376344086022
0.8201677419354839
0.6980870967741936
0.7740408602150538
0.7409397849462366
0.7295618279569893
0.7640145161290323
0.6570768817204302
0.7788483870967743
0.5895344086021506
0.7936822580645162
0.5121075268817205
0.8035715053763441
0.4462118279569893
