0.21880370370370372
0.42373868312757207
0.22947448559670786
0.49230370370370374
0.2416695473251029
0.5593444444444445
0.2569135802469136
0.6248617283950617
0.28130411522633747
0.7010448559670783
0.3316094650205762
0.7574201646090536
0.3849633744855967
0.8153189300411523
0.4367934156378601
0.8716946502057614
0.4870987654320988
0.8823600823045268
0.5541724279835392
0.8732181069958849
0.6166732510288065
0.8153189300411523
0.6761246913580248
0.7635148148148149
0.7401497942386832
0.699520987654321
0.7630156378600824
0.6355275720164609
0.7782596707818931
0.5761045267489713
0.7950283950617285
0.49839794238683127
0.8087477366255145
0.4283098765432099
