0.17939870967741936
0.39764387096774195
0.19851774193548388
0.4759932258064516
0.21954870967741938
0.5524316129032258
0.2367558064516129
0.6250483870967741
0.2558748387096774
0.6938429032258064
0.3132316129032258
0.754993870967742
0.37250032258064514
0.8180558064516129
0.4381148387096774
0.8896909677419355
0.5348729032258064
0.8993625806451612
0.6332438709677419
0.8671232258064516
0.6803158064516128
0.795124193548387
0.720465806451613
0.7358841935483871
0.7735429032258065
0.6704645161290322
0.7945074193548387
0.5914787096774193
0.8084129032258065
0.5275890322580645
0.8217964516129033
0.46261645161290327
0.8332680645161291
0.4033767741935484
