0.19885652173913043
0.46010869565217394
0.21132560386473428
0.5196531400966183
0.22517971014492752
0.5819671497584541
0.24596135265700483
0.6470507246376812
0.27921159420289854
0.7190579710144928
0.3263164251207729
0.7744478260869565
0.37065024154589366
0.8229144927536232
0.4316091787439614
0.8741502415458936
0.47871400966183575
0.8879980676328502
0.5341314009661836
0.8755352657004831
0.600631884057971
0.8298381642512077
0.6643618357487922
0.7758328502415458
0.7197792270531401
0.723212077294686
0.7447169082125603
0.656743961352657
0.7682695652173913
0.5888908212560386
0.7890512077294685
0.5238072463768115
0.8056763285024154
0.46426280193236713
