0.2100661087866109
0.4494205020920502
0.21936569037656903
0.5129364016736402
0.23486485355648534
0.6012380753138075
0.24726401673640167
0.672499581589958
0.25811380753138075
0.7127778242677824
0.317010460251046
0.7871372384937237
0.37900711297071127
0.836710460251046
0.4549531380753138
0.8816359832635983
0.5036758725105436
0.8938924039146049
0.560347280334728
0.8847343096234309
0.6316435146443513
0.836710460251046
0.6843405857740585
0.793333891213389
0.7401376569037657
0.7437610878661087
0.7664861924686192
0.6786962343096234
0.7835355648535564
0.588844769874477
0.7943849372384937
0.5191326359832635
0.8021343096234309
0.45406820083682004
