0.14655419161676647
0.31609491017964075
0.16176467065868266
0.39400898203592816
0.17887604790419162
0.4681221556886228
0.19978982035928144
0.5555374251497006
0.2169011976047904
0.6163482035928144
0.2549266467065868
0.6999631736526947
0.3157670658682635
0.7892790419161676
0.38611407185628743
0.882395508982036
0.48878233532934134
0.9166014970059881
0.602858383233533
0.8975982035928144
0.667501497005988
0.8310865269461079
0.720737125748503
0.7683751497005988
0.7796763473053893
0.690461377245509
0.8005901197604791
0.601145508982036
0.8234053892215569
0.49282634730538927
0.8405167664670659
0.3883077844311377
0.8500233532934133
0.32749700598802395
