0.1674745283018868
0.5827768261964735
0.17336037735849058
0.6157619647355164
0.18071729559748428
0.6534591939546599
0.1954317610062893
0.7147173803526448
0.22338867924528302
0.7877561712846347
0.2837169811320755
0.841946095717884
0.34551635220125787
0.8996702770780857
0.4220305031446541
0.9397236775818639
0.5103157232704403
0.956216120906801
0.5927154088050315
0.9444360201511335
0.6618720125786164
0.8843556675062972
0.7177858490566038
0.8372340050377833
0.7707572327044026
0.7865780856423173
0.784
0.7371002518891687
0.7942996855345912
0.6723080604534004
0.8031283018867925
0.6075156171284635
0.8046
0.5721743073047859
