0.12839549542822057
0.4960936374122001
0.14844088050314466
0.5610498759305211
0.1740679245283019
0.6216861042183623
0.19270597484276733
0.6859975186104218
0.21600345911949687
0.7484712158808933
0.28589591194968555
0.792570223325062
0.34137010809359
0.8395846965449254
0.4160580307463311
0.8737063249355934
0.4947831384073285
0.8793932630007049
0.581774213836478
0.8752560794044666
0.6679748427672956
0.840344665012407
0.7192295597484277
0.8054325062034738
0.78679213836478
0.7447962779156327
0.8031003144654089
0.6933473945409429
0.8240682389937107
0.6345483870967742
0.8403764150943398
0.5665622828784119
0.854355031446541
0.5004136476426799
