0.17476939203354297
0.4219194968553459
0.18874800838574424
0.47966897274633125
0.20272641509433964
0.5448700209643607
0.22322830188679246
0.6184540880503144
0.2455939203354298
0.6920381551362683
0.3043035639412998
0.7600337526205451
0.3620813417190776
0.8326863731656184
0.42358679245283026
0.8867100628930817
0.4897515723270441
0.8988188679245284
0.5680312368972746
0.8867100628930817
0.6491064989517821
0.813125995807128
0.703156603773585
0.7600337526205451
0.7637301886792454
0.6873809224318659
0.7805044025157233
0.6165911949685534
0.791687211740042
0.5513901467505241
0.8019381551362683
0.4908463312368973
0.8112570230607967
0.4191251572327044
