0.22407730769230771
0.45253230769230773
0.23761192307692308
0.5170884615384617
0.25660846153846156
0.5930369230769231
0.2718053846153846
0.6499984615384615
0.28510307692307696
0.7050611538461539
0.3287946153846154
0.7715161538461539
0.3667876923076923
0.8227811538461539
0.433275
0.9025273076923078
0.4940634615384616
0.9177169230769232
0.5510526923076923
0.9158180769230769
0.6175403846153846
0.856958076923077
0.67073
0.798098076923077
0.7334184615384616
0.7297442307692308
0.7562142307692308
0.6556946153846155
0.77901
0.5759484615384616
0.7923073076923077
0.5113923076923077
0.8053676923076923
0.44303846153846155
