0.08716094420600859
0.20982190635451506
0.10146938483547925
0.3045510033444816
0.12372703862660946
0.4141397993311037
0.1571134477825465
0.5571625418060201
0.20639814020028613
0.6964702341137123
0.26999141630901285
0.8023441471571906
0.3158757899740356
0.895899035446967
0.3558420600858369
0.9565113712374581
0.45123190271816876
0.991802508361204
0.5529808297567954
0.9806580267558528
0.6451909871244635
0.8822138795986622
0.7278622317596566
0.7781973244147158
0.8105331902718168
0.6667511705685618
0.8534586552217454
0.540445652173913
0.8868449213161659
0.3769911371237458
0.9075128755364806
0.25811521739130433
0.9186350119469577
0.1591391262592459
