0.17104980988593155
0.3085379716981132
0.17950057034220532
0.39386485849056607
0.18915893536121675
0.45823419811320754
0.2084750950570342
0.5345794811320754
0.23624239543726233
0.6333790094339623
0.2966057034220532
0.750142216981132
0.3376528517110266
0.8354691037735849
0.3787
0.9028325471698112
0.44872148288973385
0.9327719339622641
0.5368520912547529
0.9237900943396227
0.581521102661597
0.8594205188679245
0.6418844106463878
0.7785844339622641
0.7022479087452472
0.6782879716981133
0.7239787072243346
0.5959549528301886
0.7541604562737643
0.4821858490566037
0.7710621673003802
0.39685872641509434
0.784342205323194
0.3279983490566038
