0.21991477987421387
0.4792845911949686
0.23174276729559748
0.5362462264150943
0.24249528301886794
0.5889084905660378
0.26077515723270445
0.6609163522012579
0.28120503144654085
0.7189525157232705
0.3285169811320755
0.780212893081761
0.38120503144654094
0.8350248427672956
0.4437050314465409
0.8945572327044026
0.4951836477987422
0.9016588050314467
0.5553987421383648
0.8930610062893083
0.6274418238993711
0.8296509433962265
0.6747534591194969
0.780212893081761
0.7188396226415095
0.7254009433962265
0.7392698113207548
0.6566172955974844
0.7500223270440253
0.5996559748427673
0.7575493710691824
0.5491430817610063
0.7661515723270441
0.49218176100628935
