0.19357810650887575
0.4530568047337278
0.20234615384615384
0.5144
0.2163739644970414
0.5845065088757396
0.23040236686390533
0.644096449704142
0.24969112426035503
0.6984289940828402
0.30054260355029583
0.7545142011834319
0.34438047337278105
0.8105994082840237
0.40399999999999997
0.880705325443787
0.48217019904800934
0.8953392783298615
0.5536975372285607
0.8929868755721267
0.6196828402366864
0.8368893491124261
0.6793023668639053
0.7772988165680472
0.7371680473372781
0.7106976331360947
0.747689349112426
0.6546124260355028
0.7564568047337278
0.6020331360946746
0.7669781065088758
0.5441952662721893
0.7739923076923076
0.48460473372781065
