0.21159362318840577
0.4345736231884058
0.2244782608695652
0.5100031884057971
0.2336814492753623
0.5799136231884058
0.2428849275362319
0.6387855072463768
0.25945072463768115
0.7105356521739131
0.30730753623188406
0.7786063768115942
0.3459611594202899
0.828279420289855
0.3956585507246376
0.8945104347826088
0.480328115942029
0.9221066666666667
0.581563768115942
0.9055489855072464
0.6423052173913044
0.8301191304347826
0.697524347826087
0.7675678260869565
0.7527440579710145
0.706856231884058
0.7693098550724637
0.6479843478260869
0.789556811594203
0.5651956521739131
0.8061226086956522
0.49712492753623194
0.8226884057971015
0.4327339130434783
