0.185213687150838
0.3631734636871508
0.1966751396648045
0.4357276536312849
0.21004692737430167
0.5082818435754191
0.22723938547486033
0.582745530726257
0.24825223463687154
0.6533902234636871
0.2902779329608939
0.7335815642458101
0.32848296089385476
0.8061357541899442
0.37432905027932967
0.8920553072625699
0.47557262569832404
0.9206949720670391
0.5749058659217877
0.9111486033519552
0.6398541899441341
0.8061357541899442
0.6876108938547486
0.7335815642458101
0.7410977653631284
0.659118156424581
0.7621106145251397
0.5789268156424581
0.7793030726256983
0.4891885474860336
0.7888541899441341
0.4089972067039106
0.7964952513966481
0.34026173184357544
