0.1965214983713355
0.42483485342019545
0.21643061889250814
0.5080504885993485
0.2309100977198697
0.5767938110749187
0.24900944625407165
0.643728013029316
0.2743482084690554
0.7215166123778501
0.32140618892508144
0.7902599348534203
0.3748169381107492
0.8633866449511401
0.4336211726384365
0.9331736156351793
0.4969684039087948
0.9512638436482086
0.5530758957654723
0.9476456026058633
0.614613029315961
0.88975667752443
0.6761501628664496
0.8282495114006515
0.7449270358306189
0.75227003257329
0.7702661237785017
0.6654364820846905
0.788429315960912
0.5899315960912053
0.8064644951140065
0.5026234527687297
0.8245638436482084
0.4175986970684039
