0.2176419708029197
0.5069347826086956
0.22796605839416056
0.5646360248447205
0.2382897810218978
0.6110478260869564
0.25451313868613135
0.6662400621118012
0.2722109489051095
0.7113975155279503
0.3297295620437956
0.7803878881987577
0.3828237226277372
0.8318173913043477
0.4388678832116788
0.8957903726708074
0.5096598540145986
0.9108428571428571
0.5730781021897811
0.913351552795031
0.6541941605839416
0.8569046583850931
0.7235116788321168
0.8017124223602484
0.7928288321167882
0.7339763975155279
0.8164262773722627
0.6850555900621117
0.8370740875912409
0.6373894409937887
0.8562470802919708
0.5872145962732919
0.8695204379562044
0.5420571428571428
