0.15878040540540542
0.43900090090090094
0.1693810810810811
0.5061047297297298
0.1835150900900901
0.5802722972972972
0.20118265765765767
0.6567943693693693
0.22709504504504505
0.7344936936936938
0.29658761261261263
0.799243018018018
0.3554795045045045
0.853397072072072
0.4261497747747748
0.9134376126126126
0.48739752252252255
0.9299191441441441
0.5510006756756757
0.9134376126126126
0.6228488738738739
0.848688063063063
0.6829186936936936
0.7968885135135134
0.7594781531531531
0.7344936936936938
0.7842126126126127
0.6650351351351351
0.8018801801801803
0.6014630630630631
0.8242592342342342
0.5225864864864865
0.8454603603603604
0.4284054054054054
