0.22134420291770876
0.4443253092137695
0.22950380761523045
0.5178246492985972
0.2487390781563126
0.5931310621242485
0.2615625250501002
0.6668354709418837
0.27438597194388775
0.7229148296593186
0.3465182364729459
0.7934144288577153
0.3962096192384769
0.8446869739478957
0.4539154308617234
0.9103799599198397
0.5356653306613226
0.9376184368737475
0.5997829659318636
0.918391382765531
0.6494741482965931
0.8687210420841683
0.7023711422845691
0.8094370741482966
0.7841212424849698
0.7084943887775551
0.7969444889779558
0.6395967935871743
0.809768136272545
0.5674949899799598
0.8177827655310621
0.5050064128256513
0.8293002860602472
0.4443253092137695
