0.1896738970588235
0.3824371323529412
0.20420073529411764
0.4641095588235294
0.21872720588235295
0.5385224264705882
0.2387014705882353
0.6093051470588235
0.2568595588235294
0.6710136029411765
0.30951875
0.7436113970588235
0.3621783088235294
0.8143941176470588
0.42137720588235295
0.8919272058823529
0.49473382352941175
0.9033264705882353
0.5837099264705883
0.8960669117647059
0.6617908088235295
0.8125794117647059
0.71445
0.7454261029411764
0.7671091911764705
0.6637536764705882
0.7907150735294117
0.5929705882352941
0.8106889705882352
0.5149279411764706
0.8234
0.44959007352941177
0.8361106617647058
0.3824371323529412
