0.20793739837398373
0.5271895424836601
0.22686747967479676
0.5880333333333334
0.2406349593495935
0.6350490196078432
0.2612861788617886
0.6972758169934641
0.28710027100271
0.7747135076252725
0.3345111111111111
0.8280209150326798
0.36824146341463415
0.874483660130719
0.4308831978319783
0.9306259259259261
0.5357364730627051
0.942009421055864
0.6043531165311653
0.9383697167755992
0.6742227642276423
0.8764193899782136
0.7248184281842819
0.8280209150326798
0.782641463414634
0.7641348583877997
0.8102628726287263
0.6917446623093683
0.8274723577235773
0.6295178649237473
0.8377975609756096
0.5714396514161221
0.8464024390243903
0.5188925925925926
