0.21186076555023922
0.4767287081339713
0.22249521531100477
0.54758995215311
0.2313574162679426
0.6025071770334929
0.2419913875598086
0.6556531100478469
0.2543985645933014
0.7070272727272727
0.3164320574162679
0.770801913875598
0.3625143540669856
0.8221765550239234
0.43161832286005924
0.8861326535476993
0.4812645933014354
0.8948090909090908
0.5592497607655502
0.8894942583732057
0.626600956937799
0.8257196172248804
0.6797727272727272
0.7814311004784689
0.7418066985645932
0.7229708133971291
0.7559856459330143
0.6804540669856459
0.7683923444976076
0.6184507177033493
0.7772545454545454
0.551133014354067
0.7861162679425837
0.48381483253588514
