0.223926392251816
0.4466142857142857
0.23289564164648913
0.503989588377724
0.24724624697336564
0.5864663438256659
0.25262784503631963
0.6259116222760291
0.2598031476997579
0.6707360774818403
0.30464963680387414
0.7478338983050847
0.35128983050847457
0.8159670702179177
0.4061898305084746
0.9017016949152543
0.4885004842615012
0.9323535108958838
0.5844903147699758
0.9109944309927361
0.6400995157384989
0.8338966101694916
0.6921213075060533
0.7550058111380146
0.7279983050847458
0.694044794188862
0.7423491525423729
0.6366694915254237
0.7602876513317192
0.5685365617433414
0.7800200968523003
0.487852784503632
0.7907830508474576
0.43047748184019374
