0.17464071146245058
0.553408908045977
0.18440197628458496
0.5973847701149425
0.19611501976284584
0.6555465517241379
0.21173241106719368
0.7193824712643678
0.23125454545454543
0.7789629310344827
0.30934268774703555
0.8470545977011493
0.36205217391304345
0.8924491379310344
0.4303790513833992
0.9335879310344828
0.5123715415019763
0.939262356321839
0.588507509881423
0.9350066091954022
0.6470735177865612
0.8867747126436781
0.700201976284585
0.8364160919540229
0.7579312252964426
0.7871712643678161
0.7837272727272726
0.7250568965517241
0.8052015810276679
0.6555465517241379
0.8227715415019763
0.6058962643678161
0.842293675889328
0.5491531609195403
