0.21126214042087654
0.40791011331216814
0.22242752613240419
0.4734731707317073
0.2338390243902439
0.547455400696864
0.2520609756097561
0.6257700348432056
0.26663797909407666
0.6749442508710801
0.3103700348432056
0.7441526132404181
0.3577459930313589
0.8170034843205575
0.40694425087108016
0.8862118466898955
0.49948745644599307
0.8962627177700349
0.6000933797909408
0.8752843205574913
0.6529362369337979
0.8078972125435541
0.6839128919860626
0.7587229965156794
0.7294668989547038
0.7022634146341463
0.7495108013937283
0.6330550522648084
0.7677324041811847
0.5693108013937282
0.780487456445993
0.5092087108013937
0.7987090592334495
0.4163240418118467
