0.2288061320754717
0.4702014150943396
0.24103726415094337
0.5400599056603773
0.25501556603773584
0.6011858490566038
0.26724716981132074
0.6570726415094339
0.2812254716981132
0.7147056603773584
0.3284028301886792
0.7653528301886792
0.38431698113207546
0.8247325471698113
0.4437254716981132
0.8788726415094339
0.5026368702727355
0.8949007759307713
0.5887523584905661
0.8683938679245283
0.6324353773584905
0.816
0.6848547169811321
0.7636066037735849
0.7250429245283019
0.7147056603773584
0.7372740566037735
0.6588188679245283
0.7477580188679245
0.6151575471698113
0.7582415094339622
0.5522849056603774
0.7722202830188679
0.4806801886792453
