0.14325460122699388
0.4520858895705522
0.16013660531697343
0.5312627811860942
0.17831717791411045
0.6091415132924336
0.19390040899795505
0.6701466257668712
0.2172756646216769
0.741535582822086
0.28220633946830265
0.8207124744376278
0.35752617586912067
0.9011873210633948
0.43933885480572604
0.9686822085889571
0.5068670756646217
0.9816621676891617
0.5640061349693252
0.9712783231083846
0.6328327198364009
0.9024852760736197
0.7055552147239265
0.8233083844580777
0.7678887525562372
0.7558134969325154
0.7886664621676892
0.6883184049079755
0.8120415132924336
0.5974597137014316
0.8341182004089981
0.5143889570552148
0.8484028629856852
0.4442981595092025
