0.18648325358851675
0.4253301435406699
0.20497751196172248
0.4881803827751196
0.2195181818181818
0.5454272727272726
0.2344937799043062
0.6036416267942584
0.24614162679425838
0.666845933014354
0.3077081339712919
0.7466822966507177
0.373277990430622
0.8264650717703349
0.435354443573605
0.8965395180882313
0.5140397129186602
0.9113454545454546
0.5955736842105264
0.8963760765550239
0.6488464114832536
0.822767942583732
0.6969325358851673
0.752522966507177
0.7553143540669857
0.6718354066985646
0.759813875598086
0.6046392344497608
0.7686258373205741
0.5387741626794258
0.7802736842105263
0.47224401913875597
0.7949531100478469
0.4068444976076555
