0.1977345238095238
0.3701699604743083
0.21327346938775507
0.44407272727272723
0.22503316326530612
0.5104150197628458
0.24015272108843536
0.5845624505928853
0.25191173469387756
0.6465543478260869
0.2954420068027211
0.711338537549407
0.3512149659863945
0.7950837944664032
0.40290697278911564
0.8756689723320158
0.4845261904761905
0.9088509881422925
0.5757244897959184
0.8872501976284585
0.632800850340136
0.8156250988142292
0.6804119047619047
0.7540011857707509
0.7256600340136055
0.6840758893280632
0.7389057823129251
0.5991513833992094
0.7525391156462584
0.5162687747035574
0.7642989795918367
0.4401701581027668
0.7710187074829932
0.3640715415019763
