0.2046426229508197
0.4817909836065574
0.21739508196721313
0.5564479508196721
0.23196926229508197
0.6238209016393443
0.2554254098360656
0.6948360655737705
0.2775139344262295
0.7458209016393443
0.3319401639344262
0.8022688524590165
0.38465000000000005
0.8551196721311476
0.4445453050110199
0.9095221302339817
0.507167594050698
0.9158545397137027
0.5713955828093421
0.9135467422940151
0.6380008196721312
0.8514331967213115
0.6871889344262296
0.8022688524590165
0.7454860655737705
0.7421790983606558
0.7673479508196722
0.6693434426229508
0.7819221311475409
0.6001491803278689
0.7919430327868854
0.5398315573770491
0.8010520491803279
0.4815627049180328
