0.20249441340782123
0.4768223463687151
0.21721061452513965
0.5430122905027933
0.23008715083798884
0.6055245810055867
0.242963687150838
0.6551670391061453
0.2601268156424581
0.7170262569832403
0.31970726256983245
0.7699642458100558
0.36770223463687157
0.8179391061452514
0.4294581880841393
0.8694738907510754
0.4906205291969261
0.8752501008803576
0.5580284916201118
0.8526798882681565
0.602713966480447
0.8113217877094971
0.6573296089385475
0.7765815642458102
0.7285927374301677
0.7323882681564245
0.7469877094972067
0.6661983240223464
0.759864245810056
0.5944932960893855
0.7709016759776537
0.5301418994413408
0.7782592178770951
0.47866089385474864
