0.17653588957055213
0.3056349693251534
0.1914978527607362
0.38813006134969325
0.20604202453987733
0.4535481595092024
0.22604079754601228
0.5353208588957056
0.24967576687116566
0.6334481595092024
0.3078536809815951
0.7261242331288343
0.3714858895705522
0.8169828220858897
0.43661533742331293
0.8942466257668712
0.5233085889570552
0.9089619631901841
0.6005616564417178
0.8860352760736198
0.6678300613496932
0.7915423312883436
0.7241898773006136
0.7043180981595092
0.7750957055214723
0.6279969325153375
0.7950941717791411
0.5425895705521472
0.8114567484662577
0.46445122699386504
0.8241834355828221
0.382678527607362
0.8314555214723928
0.30817423312883435
