0.22150261682242992
0.49893065420560756
0.23258112149532711
0.5509730841121495
0.24587495327102807
0.6185177570093457
0.2580611214953271
0.6772039252336449
0.27467850467289723
0.7347828037383177
0.3223151401869159
0.7956835514018692
0.3655203738317757
0.8488332710280375
0.42091177570093463
0.9053048598130842
0.4829502803738318
0.9219142056074767
0.5660373831775701
0.9086267289719626
0.6203209345794393
0.8532624299065421
0.6734968224299066
0.7912543925233645
0.714486355140187
0.7358900934579439
0.7333196261682243
0.6772039252336449
0.747721308411215
0.6140884112149533
0.7587994392523365
0.5476514018691588
0.7676622429906542
0.4900723364485981
