0.2582726937269373
0.5258704797047971
0.26647380073800736
0.5777874538745387
0.2787760147601476
0.6379018450184502
0.2883442804428044
0.6802549815498155
0.29927970479704796
0.7185092250922509
0.3457542435424354
0.7854546125461255
0.3990630996309963
0.8483014760147601
0.4469047970479705
0.8933870848708487
0.4810774907749078
0.9043169741697417
0.5289188191881918
0.902950553505535
0.5917963099630996
0.8578649446494465
0.6533070110701107
0.8114132841328413
0.7052490774907749
0.7663276752767527
0.7230188191881918
0.7103118081180811
0.7380549815498155
0.6474653136531365
0.748990036900369
0.5832523985239851
0.7585583025830258
0.5258704797047971
