0.13613970944309928
0.341887811634349
0.15766585956416465
0.4326554016620499
0.17515593220338985
0.5080385041551246
0.20071840193704601
0.5988058171745153
0.2343530266343826
0.6941886426592798
0.2975861985472155
0.7834174515235457
0.355438014527845
0.8695695290858726
0.4280888619854722
0.9603371191135733
0.507466828087167
0.9741831024930747
0.5922261501210654
0.961875623268698
0.6594956416464891
0.8864925207756232
0.725419612590799
0.8049556786703601
0.7980704600484262
0.715726592797784
0.8303598062953996
0.6018825484764543
0.8572677966101695
0.49265401662049857
0.8801392251815982
0.3972714681440443
0.8962837772397095
0.30804238227146813
