0.1911558194774347
0.46725249406175773
0.20875344418052258
0.5364358669833729
0.2298705463182898
0.6185180522565321
0.24277553444180525
0.6724577197149644
0.25333420427553444
0.7017726840855107
0.3073002375296912
0.7709562945368172
0.36595890736342046
0.8483479809976247
0.4199249406175772
0.9222218527315915
0.48679596199524944
0.9362931116389549
0.5489743467933492
0.926912351543943
0.6181916864608076
0.8694548693586699
0.6944479809976247
0.8119973871733968
0.7624921615201901
0.7428137767220904
0.7777434679334917
0.6806660332541569
0.7918216152019003
0.6138275534441806
0.8094192399049881
0.52119216152019
0.8199779097387173
0.4637346793349169
