0.21133245614035084
0.22334951338199513
0.2178311403508772
0.3206412408759124
0.23570285087719298
0.4305447688564477
0.25357434210526314
0.5224313868613139
0.27144605263157895
0.608912895377129
0.3283103070175438
0.7062046228710462
0.3867993421052632
0.7836776155717762
0.45991052631578944
0.8737625304136253
0.5297722587719298
0.8935813868613139
0.5866367324561403
0.8881762773722629
0.6727455043859649
0.8016947688564477
0.7393578947368421
0.7242216545012166
0.8124691885964912
0.6323350364963504
0.8400889254385965
0.5494569343065694
0.8644593201754385
0.4665787104622871
0.8790815789473684
0.36208029197080294
0.8920791666666665
0.2737970802919708
