0.20445344202898552
0.48347681159420297
0.21866431159420288
0.5516556159420289
0.2366648550724638
0.6349853260869566
0.25561268115942026
0.7003233695652175
0.27171829710144924
0.7542983695652175
0.32287735507246373
0.794069384057971
0.3854052536231884
0.8442565217391305
0.4507753623188406
0.8887621376811594
0.5028818840579711
0.8991784420289856
0.5786731884057971
0.8868682971014493
0.6478327898550725
0.8366811594202899
0.704676268115942
0.7931222826086957
0.7548880434782609
0.7533514492753624
0.7738360507246378
0.6993764492753622
0.7899416666666667
0.6359322463768117
0.8098367753623188
0.5431333333333334
0.8249952898550725
0.46453822463768113
