0.19762871621621622
0.33939346534653464
0.2109775337837838
0.4254182178217822
0.2293320945945946
0.5270839603960396
0.2510239864864865
0.6248394059405941
0.2710472972972973
0.712819405940594
0.32611114864864865
0.8027544554455446
0.37950658783783786
0.8829138613861387
0.4429135135135135
0.9708938613861386
0.524675
0.980669504950495
0.5914194256756757
0.9669837623762376
0.6531577702702703
0.8829138613861387
0.7115587837837838
0.7988441584158416
0.7666228040540541
0.712819405940594
0.7983261824324325
0.6170190099009901
0.8250239864864866
0.5055776237623762
0.8367040540540541
0.41759762376237625
0.8417101351351352
0.3530790099009901
