0.23864962962962966
0.5045062962962963
0.24962518518518517
0.578555925925926
0.26197296296296296
0.6443781481481482
0.27706444444444445
0.7060862962962964
0.2921562962962963
0.7499677777777778
0.33331518518518516
0.7952203703703704
0.37035814814814816
0.8349877777777778
0.41700481481481483
0.8857255555555557
0.492462962962963
0.9172655555555556
0.5487133333333334
0.9090377777777778
0.6131955555555556
0.854185925925926
0.6694462962962963
0.7993340740740741
0.727068888888889
0.7376259259259259
0.7394162962962963
0.695115925925926
0.7558800000000001
0.623808888888889
0.7668555555555555
0.5634718518518519
0.7723437037037038
0.5099914814814815
