0.22163206106870229
0.42370916030534345
0.2301125954198473
0.4830465648854962
0.24028893129770992
0.5440793893129771
0.2532351145038168
0.607824427480916
0.26619541984732825
0.664351145038168
0.3267885496183206
0.7237874045801526
0.3980236641221374
0.7865156488549618
0.4624740458015267
0.8407671755725191
0.5201408396946565
0.8645022900763358
0.5879835877862596
0.8492442748091603
0.6422576335877862
0.8051648854961833
0.7016202290076335
0.7593900763358777
0.7643748091603053
0.6830988549618321
0.7789538167938931
0.6191297709923663
0.791512213740458
0.5627286259541985
0.8084729007633588
0.47796068702290073
0.8185419847328244
0.417518320610687
