0.17846190476190477
0.39593904761904763
0.1913466666666667
0.4713685714285714
0.2060719047619048
0.5578366666666668
0.2281595238095238
0.6387857142857144
0.25392857142857145
0.7197342857142859
0.3091480952380952
0.7914842857142859
0.3762109523809524
0.8643819047619048
0.43748428571428577
0.9140423809523811
0.5020700000000001
0.9156976190476191
0.5683114285714286
0.9107314285714286
0.6331019047619049
0.8558757142857144
0.6938433333333334
0.7914842857142859
0.7582657142857144
0.7013371428571429
0.7821942857142857
0.6424652380952381
0.804282380952381
0.5670357142857143
0.8226885714285715
0.48240714285714287
0.8300509523809524
0.4106571428571429
