0.22494264264264266
0.45404054054054055
0.23829129129129129
0.5112219219219218
0.25164024024024023
0.5798393393393393
0.26880300300300297
0.6408327327327328
0.28596576576576577
0.6961081081081081
0.3260123123123123
0.7590075075075076
0.36605885885885886
0.8161885885885886
0.4103537537537537
0.8629360360360361
0.48412972972972973
0.8818009009009009
0.5454220913562443
0.8745258930860914
0.590930930930931
0.8312021021021021
0.6635468468468468
0.7437591591591591
0.7150354354354355
0.6637054054054055
0.7226633633633633
0.6217723723723724
0.7321981981981982
0.566496996996997
0.7436402402402402
0.5055036036036036
0.7531750750750751
0.4464162162162162
