0.11387687224669604
0.44594626593806924
0.13128348017621147
0.5196814207650273
0.1530411894273128
0.5934165755919855
0.18350264317180617
0.6833373406193078
0.2117878854625551
0.7606692167577414
0.27271035242290753
0.8272107468123862
0.34016013215859037
0.8991471766848816
0.43589559471365646
0.9836728597449909
0.5185757709251102
0.9926648451730418
0.609959691629956
0.9728825136612022
0.6752334801762114
0.911736247723133
0.749211013215859
0.8397994535519125
0.8318911894273129
0.7534754098360656
0.862352422907489
0.670748451730419
0.8928136563876653
0.5826260473588342
0.9080444933920706
0.498100364298725
0.9210991189427313
0.4225668488160292
