0.19660757238307347
0.40800334075723826
0.21244788418708238
0.48320779510022266
0.2348881959910913
0.5584120267260579
0.2573285077951002
0.6375743875278396
0.281088864142539
0.7088204899777283
0.32200935412026727
0.7497209354120268
0.3774501113585746
0.795899109131403
0.4447710467706013
0.8565902004454342
0.4922917594654788
0.8711033407572383
0.5569728285077951
0.8579095768374164
0.6176935412026726
0.8117316258351892
0.6678543429844098
0.7642340757238307
0.7259349665924275
0.7009042316258352
0.745735412026726
0.6296581291759465
0.766855679287305
0.5531345211581292
0.7866559020044543
0.47793028953229394
0.8024962138084633
0.4146002227171492
