0.16285338753387535
0.40752113821138214
0.17299783197831978
0.4975086720867209
0.178070189701897
0.5532758807588076
0.19709078590785908
0.6521357723577236
0.21864769647696478
0.7345189701897019
0.27824634146341465
0.7966230352303523
0.32009214092140925
0.8536574525745257
0.3682780487804878
0.9132268292682927
0.4278766937669377
0.9373081300813008
0.5204447154471544
0.9385756097560976
0.6079403794037941
0.8714016260162601
0.6954360433604336
0.8054951219512196
0.7880040650406505
0.7345189701897019
0.7968802168021681
0.664810027100271
0.8120967479674797
0.5798918699186991
0.8171691056910568
0.5114506775067751
0.8222414634146342
0.4316021680216802
