0.22084452926208653
0.4837043256997456
0.23302544529262087
0.5445791348600509
0.25042671755725193
0.6089323155216285
0.266087786259542
0.6611106870229009
0.2817488549618321
0.6976356234096692
0.323512213740458
0.7550318066157762
0.36353511450381687
0.814167175572519
0.4192193384223919
0.8889562340966922
0.5044854961832062
0.9115669211195929
0.5984526717557253
0.8906956743002545
0.6489162849872774
0.8298208651399491
0.6976399491094148
0.7654674300254454
0.7463638676844785
0.6889391857506362
0.7585445292620866
0.6471964376590331
0.7672452926208652
0.6054536895674301
0.7776860050890586
0.5532753180661578
0.7863867684478373
0.49240076335877864
