0.1478078231292517
0.3711210884353741
0.16268367346938775
0.4447598639455782
0.1780469387755102
0.5184649659863945
0.19316666666666665
0.5826918367346938
0.21206598639455781
0.6563639455782313
0.2749098639455782
0.7490034013605442
0.32932244897959184
0.8203901360544218
0.39728129251700683
0.901937074829932
0.48043911564625846
0.9170496598639455
0.5522571428571428
0.9076044217687074
0.6391948979591837
0.8282653061224489
0.7185727891156463
0.7357030612244897
0.7918309523809524
0.6198272108843537
0.8036207482993197
0.5505785714285715
0.8130704081632653
0.4939078231292517
0.8206302721088435
0.44668197278911564
0.8357496598639456
0.35223095238095237
