0.21915555555555558
0.4416622222222222
0.22705822222222222
0.5123208888888888
0.23232666666666665
0.5597124444444445
0.2428631111111111
0.6360662222222222
0.2639364444444444
0.7124199999999999
0.30871733333333334
0.7624444444444445
0.3534982222222222
0.8164186666666666
0.4074986666666667
0.8782915555555556
0.4746702222222222
0.903304
0.5563293333333333
0.8914559999999999
0.6182324444444445
0.8326448888888889
0.6695986666666666
0.7826204444444445
0.70516
0.7404942222222222
0.734136
0.6680897777777778
0.7473066666666667
0.6127995555555555
0.7591604444444445
0.5324964444444444
0.7683800000000001
0.4706235555555555
