0.2321502403846154
0.4802420673076923
0.24782235576923078
0.5471716346153846
0.26206947115384616
0.6041331730769232
0.2805911057692308
0.6724867788461539
0.30481153846153847
0.7308721153846154
0.3404298076923077
0.766473076923077
0.3803223557692308
0.8134661057692308
0.4230641826923077
0.8661555288461539
0.48717716346153844
0.8974841346153847
0.5598384615384615
0.8875161057692309
0.6168276442307693
0.8291307692307693
0.6695427884615386
0.7792891826923077
0.725107451923077
0.7251759615384616
0.746478125
0.6596704326923077
0.7607254807692307
0.5984370192307693
0.7706985576923077
0.5414754807692308
0.7820966346153846
0.4773939903846154
