0.20667656612529003
0.4421972157772621
0.2223925754060325
0.5119027842227378
0.23614408352668212
0.5806264501160092
0.25480672853828307
0.6689853828306264
0.2773983758700696
0.7543990719257541
0.3363334106728538
0.8103598607888631
0.3962505800464037
0.8712294663573086
0.4414338747099768
0.9193361948955916
0.5003686774941994
0.9252266821345707
0.5563568445475638
0.916390951276102
0.6182385150812065
0.8555211136890951
0.6712798143851507
0.8064329466357308
0.7282501160092808
0.7553809744779583
0.7488772621809744
0.6827301624129931
0.7695046403712297
0.5943712296983757
0.7881672853828307
0.5138661252900232
0.8019187935034803
0.44416078886310906
