0.19035781553121625
0.3790588909554498
0.19676158273381297
0.4333378417266187
0.20498215827338132
0.49907525179856116
0.2296441726618705
0.5845338129496402
0.24937352517985614
0.6864267625899281
0.3118503597122302
0.762024748201439
0.35952992805755396
0.8261187050359713
0.4302273381294964
0.9181510791366907
0.5094533561696866
0.9334692028344289
0.5797749271916939
0.9304714205004122
0.6439637410071942
0.8589874820143886
0.7064404316546762
0.7817460431654676
0.7787821582733814
0.6995742446043165
0.8034440287769784
0.6239764028776978
0.8231735251798561
0.5582389928057554
0.8396148201438849
0.4645631654676259
0.8511235971223021
0.3741742446043166
