0.16849479638009052
0.392729185520362
0.1805631221719457
0.4630932126696833
0.19665429864253395
0.5485355203619909
0.21877941176470592
0.6289515837104073
0.2449273755656109
0.7063520361990951
0.3123088235294118
0.7827472850678734
0.3847187782805431
0.8500957013574661
0.45008891402714934
0.9204597285067875
0.49635067873303174
0.9335273755656109
0.5566923076923077
0.9244805429864255
0.6472045248868779
0.8521061085972851
0.730677149321267
0.7706848416289593
0.7960470588235294
0.694289592760181
0.8111325791855204
0.6219151583710408
0.8252122171945703
0.550545701357466
0.8392918552036199
0.4701298642533937
0.8513601809954752
0.3917239819004525
