0.18855047233468286
0.4593523616734143
0.20321430499325233
0.5299711201079622
0.21654520917678813
0.5952601889338731
0.2312090418353576
0.6458925775978407
0.2512052631578947
0.6978574898785425
0.2965302294197031
0.7604815114709851
0.3551856950067477
0.8390948717948719
0.40051039136302297
0.9003866396761133
0.4831615384615384
0.9177083670715249
0.6018058029689609
0.889727395411606
0.6644607287449392
0.8111139001349527
0.7097854251012146
0.7471572199730094
0.7484449392712551
0.6845329284750337
0.7657750337381916
0.6339006747638326
0.7804388663967611
0.583268286099865
0.7897704453441295
0.5259738191632928
0.8017681511470984
0.44602807017543855
