0.11852828685258963
0.3071386454183267
0.13153545816733067
0.4030756972111554
0.15394820717131474
0.5195525896414342
0.1781828685258964
0.6033999999999999
0.2024171314741036
0.6611617529880478
0.260207171314741
0.7450091633466135
0.32358964143426294
0.8288565737051793
0.3888362549800797
0.9145677290836653
0.48390996015936255
0.9369270916334661
0.6050824701195219
0.92388406374502
0.6815139442231075
0.8269936254980079
0.7448964143426294
0.7431458167330677
0.8064147410358565
0.6574350597609562
0.8194641434262948
0.597810358565737
0.8399701195219124
0.5139625498007968
0.8604760956175299
0.3984394422310757
0.8772537848605577
0.29223266932270914
