0.20892415902140674
0.6135430000000001
0.22251804281345566
0.6555045
0.23762201834862384
0.69870025
0.24970550458715596
0.7394277499999999
0.26329908256880735
0.78138925
0.29954923547400614
0.8196482500000001
0.34486177370030585
0.8653125
0.3859428134556575
0.90640275
0.4627941451471875
0.9159785888325813
0.5330752293577982
0.90901625
0.5826525993883792
0.8698135000000001
0.6303308868501529
0.8270532500000001
0.6831954128440367
0.78385775
0.6998100917431193
0.7394277499999999
0.7073620795107034
0.69870025
0.7134036697247707
0.6480995
0.7194455657492355
0.60366975
