0.21676227544910182
0.5015251497005988
0.23328323353293415
0.5712479041916168
0.24796886227544912
0.6391359281437126
0.26449041916167665
0.6996844311377246
0.2781700598802395
0.7650724550898204
0.33927904191616765
0.8129485029940121
0.3856467065868264
0.8519736526946108
0.4297041916167665
0.8960089820359282
0.4884467065868264
0.9216964071856288
0.5343389221556887
0.9125221556886228
0.6040958083832336
0.8593125748502994
0.6444814371257486
0.8226167664670659
0.705059880239521
0.7657377245508983
0.7252526946107785
0.6868407185628743
0.7436095808383234
0.6152832335329342
0.7582952095808384
0.5584041916167665
0.7766526946107785
0.49602095808383234
