0.2037599557522124
0.4293163716814159
0.21091238938053097
0.5222508849557522
0.21985265486725664
0.600887831858407
0.23236924778761062
0.6830993362831859
0.24601946902654867
0.7609095132743363
0.30715176991150445
0.8139756637168141
0.3634577433628319
0.8606095132743362
0.4165462389380531
0.892770796460177
0.49537477876106195
0.894378982300885
0.6015517699115045
0.8831225663716814
0.6546402654867257
0.8461369469026548
0.7029026548672566
0.8011110619469026
0.7543823008849557
0.7496528761061947
0.767004424778761
0.6866736725663717
0.779521238938053
0.606249557522124
0.7884617256637169
0.5151022123893805
0.7938258849557522
0.4471884955752212
