0.1844018707482993
0.3854503401360544
0.19952142857142857
0.46403384353741495
0.21262499999999998
0.5275051020408164
0.22875255102040815
0.5990362244897959
0.24992006802721087
0.6715748299319728
0.3033425170068027
0.7330311224489795
0.3497093537414966
0.7914649659863945
0.40716394557823127
0.8539287414965986
0.47973792517006797
0.8730709183673468
0.5724714285714285
0.870048469387755
0.6450455782312925
0.8095996598639456
0.7035081632653061
0.7501581632653062
0.7639865646258504
0.6887020408163265
0.7851539115646258
0.6252307823129252
0.8022894557823129
0.5506772108843537
0.8214409863945578
0.4650413265306122
0.8395845238095238
0.38142040816326533
