0.1824047814539647
0.45005211147727064
0.19412105263157894
0.5123769736842104
0.21057105263157894
0.5799717105263157
0.22640230263157896
0.6323236842105263
0.24449144736842104
0.6964305921052631
0.3036921052631579
0.7572503289473684
0.35302598684210523
0.8213572368421053
0.4056490131578947
0.8887519736842105
0.48108256578947367
0.9142921052631579
0.5541937499999999
0.9142921052631579
0.6291328947368421
0.8412167763157894
0.6934302631578947
0.7786190789473684
0.7657865131578947
0.6997180921052631
0.7881496710526316
0.6238171052631578
0.8003203947368421
0.5830105263157894
0.8151203947368421
0.5254782894736841
0.8356720394736842
0.4447822368421052
