0.168124578313253
0.3901510843373494
0.18151349397590363
0.4490339759036145
0.19891927710843377
0.5293289156626507
0.21766385542168676
0.5949031325301206
0.23239180722891567
0.6390655421686747
0.2913036144578314
0.7180221686746988
0.35423204819277115
0.7996554216867471
0.4332274698795181
0.8853033734939759
0.5015115662650602
0.9134065060240965
0.6032684337349399
0.9027007228915663
0.6929749397590362
0.8224055421686748
0.7545645783132531
0.7354195180722892
0.8268653012048193
0.633712530120482
0.8415932530120482
0.5775060240963856
0.8549824096385543
0.5146081927710844
0.8683713253012049
0.4276221686746988
0.8830992771084338
0.33662096385542173
