0.20672756756756758
0.5001313513513513
0.22114432432432435
0.5705783783783784
0.23235783783783784
0.6298183783783784
0.2467745945945946
0.6890583783783785
0.2724043243243243
0.7563032432432433
0.32046
0.8027345945945946
0.36531189189189195
0.8571713513513514
0.4085621621621622
0.9228151351351351
0.4790443243243243
0.9468313513513514
0.5607389189189189
0.9404270270270272
0.6232113513513514
0.8715810810810811
0.6840821621621622
0.812341081081081
0.7497583783783784
0.7627075675675676
0.767378918918919
0.6986643243243245
0.7866010810810811
0.6298183783783784
0.8074254054054055
0.5593708108108109
0.8234443243243244
0.492125945945946
