0.2268758620689655
0.4625194581280789
0.23417512315270939
0.5135881773399015
0.2440899014778325
0.5693357142857143
0.2578972906403941
0.6266692118226601
0.2724953201970443
0.6795618226600986
0.3196110837438424
0.7432896551724137
0.3655805418719212
0.8007270935960591
0.4197586206896552
0.8253433497536946
0.5188406403940887
0.8400637931034483
0.6173788177339902
0.8254729064039409
0.6629982758620689
0.7780519704433497
0.7049682266009852
0.7361024630541871
0.7448278325123153
0.7022628078817734
0.7596036945812807
0.6530305418719212
0.769454433497537
0.5988751231527094
0.7797839901477833
0.5300032019704434
0.787083251231527
0.4734628078817734
