0.2583750830564784
0.46853787375415284
0.26698970099667774
0.526350830564784
0.278065780730897
0.5927744186046511
0.2916029900332226
0.6542774086378738
0.30637109634551496
0.7034800664451828
0.3519056478405315
0.7649830564784053
0.39497873754152824
0.828946511627907
0.43312956810631237
0.8929096345514951
0.5045079734219269
0.9138209302325581
0.5845013289036545
0.9052102990033223
0.6312664451827242
0.8412471760797342
0.6829544850498339
0.7711335548172757
0.7272584717607974
0.7145504983388704
0.738334219269103
0.6591976744186047
0.7518717607973422
0.602614950166113
0.7641784053156147
0.5374215946843854
0.772793023255814
0.4783784053156146
