0.2030397333333333
0.47590746666666667
0.2184496
0.54818
0.2350448
0.6180829333333333
0.24926933333333331
0.6820621333333333
0.26942079999999996
0.7460410666666666
0.32631893333333334
0.8123895999999999
0.3891437333333333
0.8716296
0.4495978666666666
0.9261301333333334
0.5005690666666667
0.9308693333333333
0.5598381333333333
0.9225757333333332
0.6297752
0.8609663999999999
0.6926002666666666
0.8064658666666665
0.7471274666666666
0.7448562666666666
0.7649082666666667
0.6903554666666667
0.7791325333333332
0.6251917333333333
0.7909863999999999
0.5635824
0.8040255999999999
0.5031576
