0.13451744680851063
0.38711106382978727
0.1453259574468085
0.44112893617021276
0.15793659574468086
0.49694808510638294
0.17595148936170213
0.5995821276595745
0.2029736170212766
0.700416170212766
0.24801063829787234
0.7634370212765957
0.3020553191489362
0.8426638297872341
0.35069531914893615
0.9182889361702128
0.4371663829787234
0.9470987234042553
0.5380497872340425
0.9525004255319149
0.6407344680851064
0.8678719148936171
0.7163965957446808
0.7922468085106383
0.7812502127659574
0.725624255319149
0.7992651063829788
0.6463978723404256
0.8262872340425532
0.5185553191489362
0.8370961702127659
0.4321263829787234
0.8479051063829788
0.3583012765957447
