0.18976515151515153
0.4184445945945946
0.19874526515151517
0.4651427927927928
0.21109299242424243
0.5265173423423423
0.23242064393939396
0.6092396396396397
0.252625946969697
0.6839565315315315
0.3042617424242425
0.7906950450450451
0.35701988636363635
0.8880939189189189
0.4041657196969697
0.9588081081081081
0.4715164772727273
0.9748189189189189
0.5456026515151515
0.9668135135135135
0.5938706439393939
0.905438963963964
0.6567316287878788
0.8253851351351351
0.7128573863636364
0.7359916666666667
0.7420428030303031
0.6385927927927927
0.7678607954545454
0.5438623873873873
0.7824534090909091
0.4651427927927928
0.7948011363636364
0.3944283783783784
