0.21002955465587045
0.5215854251012146
0.21722834008097167
0.5809451417004049
0.2280263157894737
0.656493927125506
0.23546882591093118
0.7067613360323887
0.25166032388663967
0.7731192307692308
0.3099504048582996
0.8249107287449393
0.35204858299595143
0.8588989878542511
0.4006234817813765
0.9042163967611336
0.4601825910931174
0.9137196356275303
0.5501653846153847
0.8975305668016195
0.630544939271255
0.8605172064777329
0.6742623481781377
0.8232921052631579
0.7357904858299595
0.7585528340080971
0.7535271255060728
0.7086585020242915
0.7643253036437248
0.656493927125506
0.7751230769230769
0.5791463562753036
0.780522064777328
0.5179878542510121
