0.20306326530612245
0.4098265306122449
0.21251360544217687
0.4646081632653061
0.2257428571428571
0.5382802721088435
0.23897278911564623
0.5968401360544218
0.25598231292517004
0.6686231292517006
0.3032312925170068
0.7196265306122449
0.3448095238095238
0.7706306122448979
0.3863884353741497
0.8273013605442177
0.46387687074829925
0.849969387755102
0.5451442176870748
0.8480802721088435
0.6226326530612245
0.7800755102040816
0.6850006802721088
0.7290721088435373
0.7435891156462584
0.691291156462585
0.7624884353741497
0.6251755102040817
0.7776081632653061
0.5458367346938775
0.7870578231292517
0.4721646258503401
0.7946176870748299
0.4117156462585034
