0.17277565117380425
0.3614002709046721
0.18096446886446887
0.43837582417582416
0.19073076923076923
0.5018307692307692
0.20538058608058607
0.5848102564102564
0.21996117216117217
0.6579326007326007
0.27785494505494507
0.7356893772893772
0.3719322344322344
0.8315289377289377
0.43163553113553116
0.9038608058608059
0.503124988943875
0.9139130115958893
0.5830142857142857
0.9069655677655677
0.6513787545787546
0.8321212454212453
0.7148604395604395
0.7507688644688645
0.7946194139194138
0.6661626373626374
0.8076410256410256
0.581556043956044
0.817407326007326
0.5034578754578755
0.8271739926739927
0.4302406593406593
0.836940293040293
0.3261095238095238
