0.24696298342541434
0.4771254143646409
0.2520441988950276
0.5262187845303867
0.26051270718232045
0.5837773480662983
0.26728729281767954
0.6277922651933701
0.2774497237569061
0.6633430939226519
0.32148618784530386
0.7378298342541436
0.37229779005524866
0.8021602209944751
0.4445673651933646
0.8668905857644136
0.5056132779053496
0.8727444143466601
0.5682244704304622
0.8706110320155481
0.6280491712707182
0.8089314917127071
0.6737795580110497
0.7564519337016574
0.7313657458563535
0.7005867403314917
0.7449160220994475
0.654878453038674
0.7567718232044198
0.6040917127071823
0.7669342541436464
0.5516121546961326
0.7821773480662982
0.4855895027624309
