0.11096324786324786
0.32940299145299146
0.12812136752136752
0.40290170940170944
0.15385811965811969
0.4862
0.18572307692307696
0.585423076923077
0.22616709401709403
0.6797461538461539
0.30460427350427355
0.7581444444444445
0.3720106837606838
0.8218431623931625
0.4345149572649573
0.8732923076923078
0.5117264957264958
0.8990166666666668
0.6036444444444445
0.8683923076923078
0.6857581196581197
0.8071435897435898
0.7776760683760685
0.7152705128205129
0.8487594017094018
0.6282970085470087
0.8695944444444444
0.5413239316239317
0.8843012820512821
0.4690504273504274
0.8977824786324787
0.40290170940170944
0.9124893162393164
0.3220529914529915
