0.15752066666666667
0.33563155555555557
0.16650066666666666
0.4002568888888889
0.1826648888888889
0.47924333333333335
0.21044066666666666
0.5654104444444444
0.254506
0.6749142222222223
0.3119786666666667
0.7646715555555555
0.36310288888888886
0.832887111111111
0.43231244444444444
0.9082833333333333
0.5005613333333333
0.9208493333333334
0.5616264444444444
0.9190542222222223
0.6406513333333332
0.8382726666666666
0.7071044444444444
0.755696
0.7681691111111112
0.669528888888889
0.8076815555555555
0.5438686666666667
0.8220497777777778
0.427184
0.83103
0.34640244444444446
0.8364182222222222
0.2692111111111111
