0.22586639004149378
0.4853265560165975
0.24123692946058092
0.5452427385892117
0.2535336099585062
0.5944041493775933
0.27044107883817425
0.6604651452282158
0.2919597510373444
0.7234535269709544
0.3273120331950207
0.774151867219917
0.3657381742738589
0.8217771784232366
0.4164609958506224
0.8847655601659751
0.4963879668049792
0.9093464730290457
0.596296265560166
0.8924468879668049
0.6577788381742738
0.8233132780082988
0.6977423236514523
0.7726153526970955
0.7453908713692946
0.7111630705394191
0.7592244813278007
0.6573925311203319
0.7699838174273859
0.5974767634854771
0.7776688796680499
0.5406336099585062
0.7899651452282157
0.4638186721991701
