0.21502282608695653
0.4085673913043478
0.22245597826086955
0.4754353260869565
0.23360597826086957
0.5497326086956522
0.25404782608695653
0.6277451086956521
0.28378152173913046
0.7131869565217391
0.34324836956521737
0.7800548913043478
0.3841320652173913
0.8264907608695652
0.42315760869565217
0.8692119565217391
0.49749130434782607
0.8896434782608695
0.5801036352014518
0.8820717282801182
0.6443005434782608
0.817203804347826
0.7056260869565216
0.7484782608695651
0.7725266304347826
0.6760385869565216
0.7855347826086956
0.6128858695652174
0.7985434782608695
0.5404456521739129
0.8115516304347826
0.4605755434782609
0.8227016304347826
0.3955657608695652
