0.20163040540540542
0.5448663829787235
0.20845641891891892
0.5941374468085107
0.2166478040540541
0.643408510638298
0.23030016891891894
0.6903879432624114
0.2439523648648649
0.7304921985815602
0.29310033783783784
0.7694507801418441
0.35221510709642023
0.8191555096394743
0.4177260135135135
0.8570259574468085
0.5088054054054054
0.8588260992907802
0.5920839527027026
0.8530968794326242
0.6535189189189189
0.8118468085106383
0.6958407094594595
0.7797634042553192
0.7449886824324324
0.7408046808510639
0.7681974662162162
0.6926795744680851
0.7818496621621622
0.6445543262411347
0.7955020270270271
0.5689290780141845
0.8036932432432433
0.5162204255319149
