0.12457857142857141
0.4340099358974359
0.13612464285714285
0.4935602564102564
0.14767035714285714
0.5621730769230769
0.16065964285714285
0.6139560897435897
0.17076214285714286
0.6476150641025641
0.22416178571428572
0.7123439102564102
0.27323178571428575
0.7718945512820512
0.31797214285714287
0.8392124999999999
0.4478632142857143
0.875460576923077
0.5734246428571428
0.8612201923076922
0.6426996428571429
0.8197939102564102
0.7163046428571429
0.7628323717948718
0.8130014285714285
0.6903362179487179
0.8288771428571429
0.6450259615384615
0.8461957142857143
0.582886217948718
0.8620714285714285
0.5285137820512821
0.8793903571428571
0.45472307692307695
