0.18175102564102566
0.4384094871794872
0.2002725641025641
0.5153074358974359
0.21879410256410256
0.5779648717948718
0.23731564102564104
0.647742564102564
0.26153615384615386
0.7175202564102564
0.3042779487179487
0.7702094871794872
0.35984256410256416
0.831443076923077
0.42253076923076927
0.8941005128205128
0.4880682051282051
0.9154610256410257
0.5806758974358974
0.8855564102564103
0.6362405128205129
0.8285948717948718
0.6818320512820513
0.7844497435897436
0.7288479487179487
0.7317605128205128
0.7530684615384616
0.6605589743589744
0.7787135897435898
0.5765407692307692
0.7958105128205128
0.509611282051282
0.8100576923076923
0.43556128205128203
