0.1933308510638298
0.4338276595744681
0.2065718085106383
0.5075627659574469
0.22359627659574466
0.5850787234042553
0.23494521276595742
0.6436882978723404
0.25024574468085103
0.7048712765957448
0.3255196808510638
0.7702994680851064
0.3711377659574468
0.8138452127659574
0.41061223404255315
0.8635340425531915
0.48841436170212765
0.8875797872340426
0.5508356382978724
0.8705643617021276
0.6246063829787234
0.8119547872340426
0.6927026595744681
0.7571260638297872
0.7570154255319149
0.6947351063829786
0.7683648936170212
0.6361255319148936
0.7778228723404256
0.5756255319148936
0.7910632978723404
0.5056718085106383
0.806195744680851
0.4395
