0.2099846551724138
0.4777153448275862
0.2183453448275862
0.5431763793103448
0.23228
0.6114229310344828
0.25318189655172413
0.6922044827586207
0.28105137931034485
0.7646294827586206
0.3326096551724138
0.8231263793103448
0.37859413793103447
0.8704812068965517
0.4426936206896551
0.9317637931034483
0.4817106896551724
0.9387275862068966
0.5416298275862069
0.9317637931034483
0.6224510344827586
0.8649100000000001
0.6740093103448276
0.8091984482758621
0.7241741379310345
0.7465231034482759
0.7450760344827586
0.6824549999999999
0.7617977586206897
0.605851724137931
0.7729455172413793
0.537605172413793
0.7813063793103447
0.47075155172413796
