0.19582591653936948
0.428332076328822
0.20184561403508772
0.48246140350877187
0.20927280701754383
0.5474175438596491
0.22227017543859648
0.6068061403508771
0.2612631578947368
0.7033118421052631
0.3206802631578947
0.7756916666666666
0.3671
0.8350798245614035
0.4265175438596491
0.8926122807017544
0.48847065997329236
0.9020889039160175
0.5639201754385965
0.8944679824561403
0.628907894736842
0.8220885964912281
0.6883254385964912
0.7441412280701754
0.7458859649122808
0.6513469298245614
0.7607403508771929
0.5938149122807017
0.7700241228070175
0.5288587719298246
0.775594298245614
0.4750381578947368
0.7811649122807017
0.41750570175438595
