0.19660376569037658
0.39589665271966523
0.20962301255230123
0.4665380753138075
0.22078242677824267
0.5260259414225941
0.23194184100418408
0.5985263598326359
0.2561205020920502
0.6896171548117154
0.30633765690376563
0.7695535564853556
0.37143430962343094
0.847631380753138
0.4328112970711297
0.8941062761506274
0.4993723849372384
0.9127284518828451
0.5946225941422594
0.8922468619246862
0.6485594142259413
0.8290414225941422
0.6913372384937239
0.7788485355648535
0.7403364016736401
0.7270635983263598
0.7713129707112969
0.6357062761506275
0.7954916317991632
0.5557698744769874
0.8140907949790794
0.4758330543933054
0.8308297071129707
0.4051916317991632
