0.1580706252959881
0.3331706038862781
0.17975384615384615
0.41756955128205125
0.19855384615384614
0.49957275641025645
0.21222692307692306
0.5610753205128205
0.23951153846153844
0.6518971153846154
0.29597371794871796
0.7216647435897435
0.34779102564102565
0.7999967948717948
0.4070663461538461
0.8873798076923077
0.5088285938207965
0.9117929793163413
0.5882330128205128
0.889088141025641
0.6395064102564103
0.8344192307692307
0.7147076923076923
0.7455823717948717
0.7728176282051282
0.6823714743589744
0.7961067307692308
0.6063278846153846
0.820801923076923
0.5208858974358974
0.845497435897436
0.4202541666666667
0.860883861883499
0.3331706038862781
