0.22651644562334214
0.46497612732095484
0.23634217506631297
0.5415793103448275
0.24518541114058354
0.5975586206896552
0.25894137931034483
0.658448275862069
0.2854708222811671
0.7262127320954906
0.3345994694960212
0.7890668435013263
0.38078037135278514
0.8470103448275862
0.4338392572944297
0.8990610079575597
0.4888633952254642
0.9157567639257294
0.5448700265251989
0.9128103448275862
0.6274063660477452
0.8479923076923077
0.6922562334217506
0.7880846153846153
0.7580885941644562
0.7242485411140583
0.7738098143236073
0.6594305039787798
0.7885485411140584
0.5926482758620689
0.7993567639257294
0.5150628647214853
0.8101649867374006
0.43747745358090184
